-1.295952 -4.039936 -1.774227
2.841000 2.891000 1.283000
3.337287 -2.556840 -1.672120
2.341000 1.705000 1.076000
-17.390757 8.754605 -1.829731
2.684000 2.346000 1.255000
-28.460751 7.757551 -1.853286
2.782000 1.331000 1.304000
-23.838186 8.399085 -1.799892
1.401001 1.491001 1.253000
-42.491253 -13.123750 -1.987417
3.811001 0.280000 0.361000
-14.832688 15.502701 -1.412193
4.311001 3.197001 1.382000
-54.193920 12.054916 -2.200667
1.410999 1.028999 1.056000
3.320812 17.814188 -0.647250
0.207000 1.577000 0.616000
7.146549 16.581232 -1.167251
1.786000 2.757999 1.427000
30.259163 7.847206 -1.243460
4.820999 1.549000 0.968000
-4.605073 16.559439 -0.451024
1.086000 3.626000 0.315000
24.753229 7.962694 -1.222756
4.390999 3.613000 1.171000
50.164497 6.540571 -1.028214
0.757999 1.604000 0.576000
-56.886833 11.755191 -0.804595
2.545998 0.782001 4.916000
-35.173790 27.473442 0.802114
1.243000 1.817001 2.166000
-16.679565 15.044934 0.821067
0.428999 0.604000 0.425000
-15.773270 22.327971 0.660911
3.124000 4.280001 1.023000
-0.873353 15.580324 0.248471
0.182000 0.166000 0.940000
7.812372 -9.065152 -0.551606
1.249001 1.005000 2.077000
-4.797956 15.840869 -1.167261
0.761000 2.851000 0.670000
2.241734 -9.461234 -0.286142
1.243000 1.442000 1.933000
2.630110 17.052393 -1.346123
0.994000 3.150000 1.051000
-57.575787 -20.537945 2.169778
3.368000 2.436001 0.494000
15.234230 8.556169 -1.119787
3.922001 2.125000 1.693000
-0.504679 -9.489207 0.388528
0.344000 0.353000 0.345000
28.406937 -11.250637 0.071300
1.820999 1.217999 2.385000
32.726784 -11.540000 0.877000
0.693001 0.495000 1.067000
35.437279 -10.780849 0.379219
1.373001 1.134999 2.459000
77.437630 8.074438 1.581937
0.548004 0.939000 2.756000
38.866997 14.063601 1.210800
0.244999 0.169000 0.987000
4.583403 16.482399 -0.578023
3.476000 2.003000 2.675000
-7.879043 15.398784 -0.100130
0.163000 0.129001 0.726000
-34.327999 11.414400 0.296700
0.610001 0.333000 0.653000
59.862774 11.517445 0.347704
2.813000 1.629000 1.095000
-2.018448 16.164961 -0.349160
1.519000 2.492000 0.818000
10.096533 15.233866 -0.091467
1.046000 1.407000 0.329000
-16.673687 15.138938 -0.369687
0.141001 0.163000 0.827000
9.602000 9.507292 -0.226903
1.627000 1.543000 0.373000
-13.724427 21.845644 -0.416143
1.249001 1.608999 0.506000
-16.003542 22.594248 -0.407167
2.379001 4.156000 0.579000
-26.381166 7.593333 -2.026083
0.847000 0.294000 0.683000
3.202357 18.334286 -1.519071
0.558000 2.399000 0.435000
1.280462 16.241306 -1.260308
0.681000 3.453000 0.405000
-20.137798 8.003599 -1.963850
0.733000 0.424000 0.625000
1.851200 15.272901 -1.533300
0.362000 2.117000 0.374000
-4.530677 15.876564 -1.680597
1.350000 4.155000 0.592000
-2.737050 16.244551 -1.705500
0.705000 2.742001 0.442000
-3.609714 15.176094 -1.675619
0.763000 1.908999 0.404000
-1.337148 16.016813 -1.687667
0.841000 4.205000 0.437000
-2.050273 16.141909 -1.785182
0.427000 2.007000 0.337000
