3.230909 -2.163909 -1.559364
2.117000 1.417000 0.978000
-2.857378 -4.282227 -1.719831
2.138000 2.951000 1.169000
-19.521332 8.650940 -1.364688
1.765001 1.869000 1.610000
6.435000 16.597301 -0.599000
1.361000 3.367001 0.362000
-10.436571 17.744715 -0.558857
1.995000 3.050001 0.360000
-44.443958 7.191203 -1.750341
4.045998 1.886000 1.936000
-58.319695 11.813461 -1.354000
3.046001 1.540000 0.648000
-40.997768 12.928943 -0.971647
1.264000 0.599999 0.501000
17.641855 32.709286 -0.901571
2.187000 4.065001 1.180000
-44.182747 -10.981000 -0.944875
0.665001 0.455000 1.118000
-6.952706 20.685646 -0.284647
1.063000 3.278000 0.451000
-6.141133 19.994934 -0.193067
1.474000 3.928999 0.337000
5.692192 20.262114 -0.208231
1.554000 4.424000 0.599000
-15.329700 15.410398 -0.100900
0.135000 0.087000 0.537000
-4.134030 15.618271 -0.315667
0.624000 1.703000 0.795000
42.995281 -10.466285 -0.118929
0.811001 0.309000 1.074000
23.298893 -10.776666 -0.208667
1.226000 0.485000 1.241000
-4.202111 15.688389 0.482611
0.207000 0.108000 0.500000
18.082176 31.781059 0.111588
1.356998 2.030001 2.216000
43.515308 13.275312 1.025500
0.455002 0.344999 1.409000
74.808464 18.460155 2.661231
3.813995 1.888000 0.496000
53.533772 -1.837000 0.921412
0.472000 0.362000 2.561000
-16.492149 -9.564168 -0.377492
1.315001 1.318999 2.486000
-18.969084 -10.439417 0.621125
3.864000 1.882000 0.728000
-23.615547 -10.656829 0.096035
2.309000 1.715000 2.808000
-53.539898 -19.543499 1.623550
0.541000 0.757000 1.071000
-44.474476 13.084658 1.545684
1.841003 2.686000 0.526000
-54.211830 11.825999 1.496070
3.299000 2.585000 1.777000
75.705505 13.468900 0.783900
0.249001 0.580000 2.360000
49.267456 13.114999 0.472091
0.357998 0.999000 1.497000
-50.327412 16.412558 0.101704
2.753002 1.549001 1.950000
-11.629231 11.985308 -0.695385
4.344001 4.734000 0.334000
-35.158249 7.722251 -2.026773
1.912998 2.200000 1.137000
-10.633026 9.374901 -0.823750
2.201000 1.570000 0.461000
-4.123938 15.401249 -1.020875
0.639000 1.693000 0.395000
-6.810461 14.062056 -1.458461
0.646000 1.056000 1.239000
-15.218367 8.441801 -1.484204
4.516000 1.802000 1.334000
-21.948540 7.906084 -1.830250
1.572001 0.202000 0.927000
-6.108917 14.127648 -1.453506
0.897000 0.919000 1.144000
3.499746 8.594787 -1.308577
4.023000 2.125000 1.316000
-38.290287 8.345358 -2.494429
4.581001 1.830000 0.328000
-1.284435 8.456932 -1.350605
3.852000 1.354000 1.349000
-6.272901 14.697001 -1.278800
0.698000 1.516000 0.330000
-6.803637 14.859818 -1.407818
0.548000 1.059000 0.523000
-2.141750 9.851964 -0.951071
0.631000 2.102000 0.316000
