15.841000 -1.721154 -6.790846
0.153000 0.434000 0.366000
-65.579933 13.913799 -2.174267
2.389000 1.781000 0.446000
33.923908 19.937910 -1.327955
2.890999 1.213001 0.495000
24.007847 40.192692 -1.144462
0.262999 1.825001 0.317000
38.857754 32.399582 -1.391333
3.129002 0.986002 0.582000
43.682213 12.205142 -0.952714
4.915997 0.349999 0.482000
-34.612801 39.908073 -1.101091
3.567001 3.848000 1.342000
44.085308 43.244308 -0.675154
0.798000 0.716000 0.813000
24.538473 18.573204 -0.853359
0.660999 1.144001 1.127000
-53.336975 -10.238839 -1.424305
3.771000 1.841000 2.338000
-9.852735 24.518669 -0.092867
1.208000 2.199001 0.367000
-8.758846 23.729618 -0.116692
0.269000 0.994999 0.326000
12.801912 13.126256 -0.164029
0.527000 0.379000 0.573000
29.290291 13.349060 -0.491118
0.862999 0.702001 0.803000
45.263500 16.231583 -0.033000
0.317997 0.730000 0.825000
49.042957 2.701957 0.203391
0.515999 1.572000 0.544000
13.715323 23.141394 0.871036
0.750000 0.528000 0.654000
12.257102 19.426630 0.064269
2.280000 2.843000 1.943000
13.250407 20.041592 0.830148
2.440000 3.483000 0.781000
12.817068 17.811865 0.586716
1.626000 0.875000 1.076000
15.419631 18.409472 0.766895
1.083999 0.911001 0.759000
12.727596 12.975175 0.660070
0.579000 1.255000 0.655000
29.328203 23.635099 1.047200
4.163000 3.907000 0.860000
27.808853 21.331451 1.172650
3.171000 2.367001 0.728000
26.829155 20.071768 0.842462
0.195000 0.241999 1.031000
29.123625 13.235875 0.809313
0.283001 0.267000 0.982000
39.090534 13.234921 0.320795
1.865997 1.078000 2.478000
-48.829540 -17.418985 1.451250
2.319000 2.133001 1.267000
-55.976875 -9.442000 1.480695
1.095001 1.218000 1.337000
-11.169331 24.744009 -0.131050
2.206000 4.155001 0.818000
0.375484 -5.294686 -1.563970
3.201000 3.020000 0.328000
-6.527539 -9.337153 0.429077
0.214000 0.267000 0.353000
17.005497 -2.035049 0.038222
0.664999 0.548000 2.039000
69.014473 -2.649618 1.287676
2.612000 2.060000 2.914000
-5.932684 22.176399 0.727067
1.468000 4.469999 0.599000
-9.978970 23.653509 0.628496
2.304000 3.104000 0.959000
-11.109600 23.049099 0.899900
1.500999 2.674000 0.352000
-61.865231 14.445162 2.147807
4.232002 2.695000 0.779000
12.319831 -10.813815 -0.174500
0.986000 0.386001 1.301000
27.804388 -11.161055 0.139278
1.571999 0.415000 1.472000
39.621872 38.308800 0.916067
1.354000 1.398003 1.308000
58.901089 13.233584 0.323083
2.300999 0.639999 1.401000
-6.467905 -9.299177 -0.817757
0.522000 0.552000 1.535000
-60.814213 14.142141 -2.626214
2.903000 1.849999 0.494000
26.702131 19.984400 -1.774467
2.428999 2.372999 0.550000
-31.584368 8.789950 -2.298860
4.421001 2.559000 1.497000
28.377739 19.085814 -1.731111
4.850000 4.348000 0.335000
25.825275 17.431955 -1.724864
3.552999 4.578000 0.340000
-12.004642 8.804010 -1.669181
4.436000 2.161000 1.412000
1.743376 16.364609 -1.516936
2.248000 0.431000 0.771000
-2.656333 15.753499 -1.383750
1.472000 3.960001 0.422000
-9.333333 -12.681399 -1.351067
3.354000 3.812000 0.412000
1.442933 18.065531 -1.580067
0.968000 3.747999 0.368000
-1.171143 15.281930 -1.433714
0.576000 4.084000 0.454000
2.333941 18.412003 -1.871941
0.750000 3.642000 0.510000
1.311270 17.974733 -1.851162
0.966000 3.799000 0.526000
-3.951279 -11.031318 -1.294086
2.625000 2.622999 0.329000
0.727571 16.057459 -1.922028
0.654000 4.011999 0.604000
-5.972824 14.389235 -1.654765
1.937000 4.799000 0.574000
