-9.603639 8.417835 -1.426440
4.095000 2.050000 1.392000
-4.344726 9.800000 -0.782353
0.600000 0.175000 0.473000
4.716416 15.770667 -1.077750
0.805000 2.165000 0.440000
5.894909 9.415607 -0.783273
0.938000 1.735001 0.329000
-1.992900 9.647800 -0.713900
0.253000 0.755000 0.355000
-3.196328 8.417732 -1.291950
3.544000 2.130000 1.623000
-18.116686 8.332650 -1.639368
2.278000 1.782000 1.595000
7.390020 9.703439 -0.644167
1.963000 1.628000 0.580000
5.704692 8.470291 -1.187436
4.482000 2.131000 1.705000
-17.040754 15.736467 -0.704533
4.287000 2.670000 0.431000
14.817473 8.658979 -1.167914
3.918000 1.899000 1.470000
21.496578 9.397842 -0.673053
1.784000 0.733000 0.323000
-26.850689 8.050489 -1.443741
4.369999 1.795000 1.967000
-37.841721 14.574120 -1.048680
3.181000 2.069000 0.809000
-34.398903 -10.553599 0.358000
2.337997 0.726001 0.853000
23.518679 17.305748 0.121234
4.532001 2.551999 1.650000
70.770691 -3.379615 1.134154
0.439003 0.442000 2.503000
-53.275082 10.649653 1.815692
2.485001 1.754001 0.654000
-52.492668 12.397000 1.821867
2.022999 1.617000 0.652000
-36.620296 13.908800 1.356800
3.091999 1.653001 0.534000
-26.419001 14.608400 0.956000
0.232000 0.221999 0.568000
-21.124001 18.277689 0.495333
2.681000 2.754999 1.382000
-15.161901 15.199799 0.677700
0.218000 0.120000 0.509000
-7.979895 15.424845 0.465737
0.222001 0.158000 0.619000
2.188167 15.566499 0.275700
0.179000 0.141001 0.948000
13.255928 15.623927 0.575214
0.140000 0.136001 0.631000
23.563831 14.629191 0.083623
3.397999 2.038000 1.853000
-6.313173 -10.218080 -0.486967
1.394000 1.393000 2.071000
-21.479376 -17.067938 1.052875
3.417000 2.181000 0.301000
-27.300819 -10.076778 0.287039
2.752001 1.881001 2.963000
-31.590719 -9.928584 1.066868
2.586002 1.248000 0.846000
-36.107563 -18.002188 1.408313
3.587002 1.844999 0.548000
-1.846635 -10.317205 -0.377270
0.920000 0.468000 1.790000
0.428252 -9.186530 -0.259500
1.301000 1.206000 1.926000
61.202991 12.004237 1.286572
1.008999 0.921000 2.627000
51.062077 12.124333 0.930917
0.380001 0.235000 2.198000
61.686069 18.079735 0.056267
1.656998 0.850000 1.480000
40.974747 12.513206 -0.185103
2.077000 1.319000 1.567000
31.683668 -11.385333 -0.208333
1.181002 0.256000 0.674000
1.072038 21.850269 -0.375462
0.548000 4.466002 0.561000
38.664078 8.356923 -0.941846
0.853001 0.906000 0.705000
1.253685 8.458362 -1.371890
3.300000 0.771000 1.324000
-20.959410 7.867075 -2.032074
1.250999 0.662000 0.696000
5.886500 15.677401 -1.422700
1.302000 3.365000 0.550000
-28.884459 8.838307 -2.396000
3.829000 2.205000 0.363000
-1.389866 16.568800 -1.842734
0.558000 2.547999 0.309000
-20.124144 9.412714 -2.401000
2.639999 1.700999 0.359000
-1.511562 12.759682 -1.976317
2.100000 4.132000 0.692000
6.702327 9.366847 -1.972282
1.287000 1.321000 0.306000
-1.381101 11.311703 -1.987384
1.684000 2.850000 0.516000
-1.311954 9.933053 -2.033852
2.226000 1.844000 0.355000
2.186700 9.920099 -2.057100
0.317000 1.561000 0.332000
