-6.656389 9.633500 -0.869944
1.378000 1.546000 0.397000
3.630859 9.516229 -0.875578
0.898000 1.838000 0.526000
-11.727323 8.441574 -1.435198
3.992000 1.811000 1.424000
-20.270636 8.312340 -1.719177
2.047001 1.964000 1.336000
-2.182187 15.975814 -0.901125
0.133000 0.581000 0.396000
4.566123 9.632386 -0.761737
1.045000 1.634000 0.504000
3.618895 8.436001 -1.235353
4.332000 1.585001 1.624000
5.483862 9.666689 -0.567724
1.002000 1.382000 0.366000
-5.350821 8.492383 -1.304547
3.463000 2.843000 1.736000
-5.654647 17.766233 -0.624471
1.039000 2.889001 0.324000
12.483106 8.739366 -1.211002
3.915000 2.164000 1.512000
36.583477 8.921425 -1.237128
2.352001 1.764000 0.577000
17.704025 8.470021 -1.172558
3.755001 1.608000 1.308000
68.295952 -3.026000 0.669471
1.188004 0.547000 2.832000
-23.692513 18.163582 0.486046
2.731001 2.518000 1.458000
-0.169840 15.600958 -0.092600
0.148000 0.205999 1.692000
10.950923 15.675077 0.635538
0.143999 0.103000 0.456000
21.238863 14.745146 0.101168
3.598999 1.889999 1.914000
58.617630 12.171443 0.832000
3.213997 1.231000 2.897000
-38.398602 -18.293201 1.420933
2.817001 1.615999 0.544000
-36.742916 -10.230666 1.100167
4.793999 1.287000 0.736000
-28.995209 7.970663 -1.433181
3.897001 1.858000 2.113000
-29.510714 -10.284515 0.192811
2.760000 1.487000 2.990000
-23.200279 7.679110 -2.043389
0.877001 0.328000 0.629000
-8.550774 -10.324658 -0.403309
1.171000 1.085000 2.081000
-4.047303 -10.322793 -0.476165
1.113000 0.989000 1.945000
-1.778572 -9.232854 -0.199301
1.312000 0.941000 1.818000
30.537178 -11.255942 -0.046882
1.612001 0.361000 0.809000
10.778808 15.498115 -0.159731
1.268999 1.646000 0.803000
52.087646 -12.054999 -0.161571
3.155003 0.945000 0.950000
10.111072 18.854929 -0.154357
1.031000 1.640999 0.421000
10.028846 19.677383 -0.180000
1.619000 2.818001 0.452000
-65.572807 -18.765600 -1.535866
3.276001 1.223999 1.235000
-1.648304 21.363653 -0.413957
0.702000 4.487000 0.497000
-2.167044 21.195086 -0.456783
0.766000 4.459002 0.491000
-0.816130 8.429356 -1.415155
3.237000 1.473001 1.334000
17.508142 9.328929 -1.773643
2.943000 1.546000 0.326000
14.814735 13.343421 -1.758579
3.483001 3.823000 0.460000
1.639286 15.923928 -1.458714
0.692000 3.888000 0.615000
-13.611546 15.665909 -1.844273
2.495000 2.964000 0.370000
6.225084 9.478667 -1.890000
1.408000 1.770000 0.399000
5.069545 9.595364 -1.976954
1.219000 1.520000 0.332000
3.655352 9.245220 -2.007925
1.872000 1.360001 0.338000
2.141348 9.583260 -2.065304
0.575000 1.475000 0.310000
-0.518353 9.891999 -2.084235
0.505000 1.478000 0.331000
