3.332462 -2.138846 -1.571923
2.075000 1.332000 0.979000
-2.041546 9.585818 -1.964182
0.374000 1.494000 0.392000
3.835300 9.943500 -1.939100
0.850000 1.689000 0.359000
-21.421278 8.588943 -1.530757
4.164001 1.860000 1.594000
36.513535 12.592532 -1.082200
3.222000 0.973000 0.320000
-60.854183 11.715546 -1.445000
1.667000 1.766000 0.396000
15.347882 34.617176 -1.084941
1.733000 2.417000 0.733000
4.475971 16.699766 -0.611176
1.222000 3.506000 0.668000
-50.428867 16.633266 -0.735867
0.343998 1.094000 0.374000
-46.298843 -10.996307 -0.849846
0.759998 0.418000 0.868000
-8.399917 20.155251 -0.289833
1.512001 3.273998 0.465000
3.494125 20.603710 -0.144083
0.985000 4.153999 0.444000
14.308002 34.324501 -0.392750
0.738000 3.316998 0.651000
15.998188 31.629250 -0.417750
1.176001 2.152002 0.655000
76.646751 20.367687 -0.023063
2.237999 1.904999 1.365000
41.818748 -10.393399 -0.219800
3.445000 1.023999 1.267000
22.398067 -10.781804 -0.217488
1.071001 0.299001 1.190000
4.702095 17.424906 0.684429
1.029000 3.099000 0.398000
13.783257 33.716972 0.649793
2.454000 3.650997 1.513000
14.800049 35.259048 1.348238
1.669999 3.099998 0.460000
15.003792 32.473080 1.304417
2.890000 3.969999 0.360000
16.206461 32.155003 0.998769
0.271999 0.208000 0.854000
31.441854 13.206823 0.500072
0.352001 0.386000 1.634000
41.566570 13.274902 1.108333
0.785000 0.427000 1.357000
73.410782 18.665430 2.631857
4.253998 1.636000 0.530000
51.523930 -1.813643 1.128572
0.510002 0.349000 1.577000
-18.478964 -9.644488 -0.403852
1.192999 1.313000 2.607000
-20.265230 -10.207999 0.779000
3.955000 1.725000 0.448000
-46.025627 -11.183876 0.969062
4.170002 1.903001 2.071000
14.326181 34.178001 -1.325455
0.653001 2.196999 0.301000
-45.948437 14.017123 1.638250
2.055000 1.051000 0.906000
-46.421707 12.387195 1.594451
1.768002 1.768000 0.550000
47.290543 13.340092 0.475273
0.405003 0.262000 2.043000
58.624023 13.210276 -0.714675
2.664997 1.971999 2.528000
-41.152721 16.737280 0.279600
2.827000 1.664001 1.313000
-64.268013 11.912182 0.443273
0.570004 0.573000 2.372000
-28.736248 7.954150 -1.782349
4.019001 2.519000 1.413000
14.482750 35.750584 -1.871667
0.967000 2.058998 0.662000
-37.481331 7.803210 -1.898500
2.173000 2.175000 1.085000
15.784835 37.676998 -2.034083
2.307001 4.728001 0.720000
-12.198550 8.634857 -1.409875
4.630000 2.547000 1.587000
-12.860498 9.420000 -0.865385
2.353000 1.401999 0.446000
-17.138956 8.417580 -1.574884
4.370000 1.710999 1.308000
-23.840590 7.848260 -1.951815
1.042000 0.461000 1.031000
1.600295 8.504745 -1.312112
3.955000 1.348000 1.297000
1.309391 15.508522 -1.308522
0.299000 0.068999 0.482000
-3.088478 8.509481 -1.386147
3.821000 1.833000 1.373000
-8.375833 14.805084 -1.321333
0.911000 1.447000 0.350000
13.391999 25.776829 -2.716304
0.480000 0.558001 0.721000
2.497490 9.477163 -0.911816
0.714000 1.553000 0.308000
1.861081 9.749243 -0.901081
0.191000 1.472000 0.326000
-4.175439 9.851520 -0.956120
0.632000 1.306000 0.341000
12.410519 21.249653 -2.480103
0.172000 2.700001 0.380000
-12.641183 9.532637 -2.114636
2.235000 1.638000 0.381000
