-33.315498 6.995400 -2.177700
1.445999 0.183000 0.492000
-10.231222 16.114002 -1.344111
2.493999 3.705001 0.754000
-26.402866 7.554801 -1.816867
1.386999 0.225000 0.706000
-34.828800 6.969100 -1.810500
1.109001 0.532000 0.470000
-23.970991 8.470480 -1.783340
2.607000 1.709000 1.220000
23.141300 15.656400 -1.220300
2.837000 2.261001 0.445000
-30.224020 7.834946 -1.803946
1.091000 1.501000 1.363000
34.104500 7.354582 -1.312583
3.105999 0.510000 0.441000
29.807568 7.888912 -1.211217
1.365000 0.805000 0.943000
19.838648 9.308117 -0.668471
1.085001 0.430000 0.304000
18.308645 8.444159 -1.173427
4.104000 2.059000 1.301000
1.732095 9.720842 -0.396410
0.800000 1.958000 0.539000
9.221227 8.524137 -1.172640
4.092000 1.742000 1.621000
-7.243969 15.503332 -0.092758
0.231000 0.190001 1.122000
-29.083879 14.830586 0.992294
1.190001 1.325000 0.816000
-23.115225 14.662073 0.859481
0.383001 0.587000 0.845000
-22.239576 21.250587 0.696810
3.452999 3.506001 1.139000
22.127832 15.129416 0.770333
0.132999 0.162000 0.637000
71.088005 9.326118 1.514588
0.529999 0.734000 2.538000
-6.429900 -9.561066 0.326000
0.696000 0.344000 0.488000
-2.372148 -3.912230 -1.779891
2.251000 2.892000 1.302000
-3.625347 -9.385052 -0.361874
1.172000 1.380000 2.113000
1.774803 -9.003379 -0.557048
0.867000 0.772000 2.019000
22.369335 -10.734905 -0.335483
1.781000 1.341001 2.333000
26.864614 -11.055577 0.378038
0.973999 0.316999 1.768000
29.333496 -10.299999 -0.023810
1.476000 1.194000 2.459000
-40.709332 10.819500 0.625667
0.429001 0.727000 0.513000
-63.501907 10.609546 0.254182
0.382999 0.701000 1.488000
47.107601 -13.654300 -0.199200
0.503002 0.203000 1.190000
67.990814 -18.079727 -0.172909
3.246002 0.411001 1.226000
22.169863 15.155999 -0.418455
0.177999 0.171000 1.158000
1.663689 8.462786 -0.948369
4.114000 2.023000 2.046000
45.090389 12.624693 -0.227769
1.328999 0.896000 0.591000
-8.338897 16.139349 -0.358930
1.834000 1.881001 0.803000
10.825308 18.329693 -0.209308
2.066000 3.448999 0.323000
3.419617 9.629557 -0.319963
0.778000 1.878000 0.440000
-2.449650 19.405399 -0.315000
0.779000 3.962000 0.305000
-11.104445 15.469704 -1.699963
1.635000 2.255000 0.440000
2.311182 -11.759091 -1.252182
0.959000 4.319000 0.514000
3.458375 8.476374 -1.340312
0.116000 0.185000 0.386000
