-2.161419 -3.952883 -1.782281
1.957000 2.935000 1.295000
3.857891 -2.517352 -1.667857
3.097000 1.669000 1.025000
1.397500 16.143299 -0.952000
0.471000 3.407000 0.324000
-16.031431 8.717647 -1.653383
1.580000 2.033999 1.204000
-27.122656 7.702800 -1.912175
3.843000 1.118000 1.124000
-52.760334 12.047049 -2.476666
2.305000 1.232000 1.348000
8.576395 16.579035 -1.115964
1.562000 2.921000 1.376000
37.072399 7.242499 -1.233850
3.852001 1.103000 0.769000
41.796398 6.642734 -1.229933
3.960999 0.726000 0.610000
-19.348501 22.978201 -0.680500
4.171999 4.827000 0.338000
-3.281278 16.406767 -0.400721
1.148000 3.877000 0.389000
32.265831 7.817850 -1.146936
2.237001 1.685000 1.062000
-21.173454 15.036546 0.424636
0.269001 0.297000 0.437000
61.278637 11.298641 0.820000
4.484001 1.806001 1.249000
-55.794865 11.933734 0.479600
0.392002 0.702000 2.386000
-52.060368 18.945635 1.847363
4.670002 2.806999 0.746000
-33.813801 27.686964 0.632655
1.262001 1.820000 2.406000
-14.541286 22.770525 0.750214
2.941999 4.622000 0.885000
29.523556 -11.292333 0.971528
1.748001 1.576000 0.746000
9.037054 -9.129353 -0.451679
1.178000 0.875000 2.019000
3.452392 -9.467540 -0.265250
1.463000 1.393000 1.900000
0.656143 -9.543428 0.349095
0.119000 0.247000 0.344000
36.576481 -10.889928 0.169619
2.106998 1.158999 2.527000
71.329155 -11.625842 1.008636
3.060997 2.023000 3.083000
78.720253 7.722834 1.763333
0.308998 0.606000 2.424000
0.401949 15.589590 0.092205
0.157000 0.139000 1.314000
-6.534208 15.425502 0.300167
0.128000 0.140000 0.924000
-10.115734 19.432365 0.220833
0.166000 0.140999 1.448000
29.746149 -11.286827 -0.456022
0.768000 0.674000 1.172000
15.988523 20.327715 0.029571
3.705000 4.900000 0.341000
-0.756375 16.052374 -0.340531
1.755000 2.408999 0.725000
-51.328396 14.611300 -0.722796
0.443001 2.051001 2.242000
-46.278503 33.858402 -0.205700
3.913002 3.332001 0.741000
-48.711254 15.661331 -0.671333
2.566002 1.000000 1.579000
16.639967 8.432401 -1.072837
3.797999 1.984000 1.747000
10.453215 9.011928 -0.196286
1.629000 1.317000 0.303000
7.221933 18.852867 -0.191600
1.023000 3.328001 0.305000
-12.732364 22.396181 -0.426727
1.080999 1.622000 0.470000
-14.408584 22.494724 -0.375207
2.340000 4.340000 0.571000
-30.091616 7.145770 -2.245462
0.973999 0.360000 0.486000
4.530929 18.223360 -1.438357
0.707000 2.241001 0.410000
-3.845455 14.993752 -1.450558
0.735000 1.847000 0.752000
-18.844614 8.072416 -1.964111
1.237000 0.592000 0.675000
-3.272688 16.377729 -1.681063
1.192000 4.197000 0.680000
-0.605687 15.841969 -1.622250
0.667000 2.613999 0.590000
-0.068185 16.065517 -1.689667
0.583000 4.205999 0.448000
10.433999 9.619021 -1.741261
1.780000 1.164000 0.469000
7.360724 9.619554 -1.746173
0.627000 0.965000 0.373000
