-1.909086 -4.209610 -1.771627
2.728000 3.426000 1.370000
2.539778 9.955833 -1.831361
1.340000 2.236000 0.422000
-67.574615 7.465769 -2.046692
2.028000 1.521000 1.222000
16.898832 17.337317 -0.838064
2.681000 1.852999 0.456000
37.377064 12.960124 -1.140329
4.362000 2.992999 0.701000
-6.945000 18.156811 -0.482437
0.838000 1.616999 0.406000
14.376720 -10.884403 -0.447516
1.111000 0.380000 0.869000
63.029385 2.516706 -0.257529
1.828003 2.604000 1.097000
-62.405727 16.623636 0.001273
2.718002 0.920001 1.566000
31.635588 -10.994137 -0.178409
2.547001 0.423000 1.024000
0.568818 12.843542 -0.028995
0.586000 4.277000 1.361000
3.819661 23.545965 0.743010
2.265000 4.159000 0.647000
26.942568 20.118799 1.118773
3.421999 3.889999 0.825000
26.120895 17.747738 0.968789
1.181002 0.971001 0.986000
26.155668 12.737757 1.009000
0.624001 1.242001 0.706000
52.939938 13.056773 0.510516
3.460999 1.114000 2.641000
56.331276 13.263999 2.065182
1.312000 1.302000 0.367000
-35.613644 -17.114424 1.206933
3.790001 2.729000 1.437000
-42.237801 -14.726700 1.612800
4.839001 2.324000 0.412000
-39.672291 -13.361412 1.257176
4.006001 1.967999 1.028000
-35.781250 -11.135418 1.273500
0.246998 0.670000 0.419000
-42.270725 -9.231727 1.379818
3.860001 0.760000 0.552000
-35.808205 -21.252874 1.515625
1.540001 1.923000 0.502000
30.393332 -2.137034 0.679400
0.507000 0.525000 1.267000
-16.558155 15.455616 0.587385
1.162001 1.236000 0.819000
-17.045065 15.578666 0.863000
3.747000 3.529000 0.410000
-56.297050 14.455948 1.742100
2.387001 1.509000 1.441000
42.709045 13.264908 -0.016273
1.993000 1.028000 1.975000
65.182503 37.730797 0.971233
2.899998 2.896000 1.821000
-6.920643 18.429892 0.138489
1.523000 2.983999 0.733000
-32.674080 9.160691 -1.908895
2.369999 1.962000 1.748000
-37.613224 8.474691 -1.854000
2.389000 0.877000 0.889000
-42.478615 8.369770 -1.958769
0.531998 0.611000 1.029000
6.751468 -9.310767 -0.998319
1.082000 1.459000 0.877000
12.108500 15.856750 -0.929850
2.533000 3.403000 0.439000
-6.241900 19.438200 -0.935600
0.738000 2.275999 0.346000
-6.686500 19.519358 -0.997643
1.072000 2.542000 0.348000
-5.808000 19.309999 -0.990400
1.377000 3.541000 0.317000
-18.057510 8.812128 -1.694343
4.659000 2.397000 1.369000
0.381181 8.665227 -1.279516
4.684000 1.881999 1.477000
10.901765 16.968235 -1.214059
3.485000 4.807001 0.403000
9.762294 17.514236 -1.272941
1.736000 2.622002 0.420000
-35.923752 8.229500 -2.440000
2.021000 0.383000 0.320000
-14.285453 -11.905273 -1.623545
3.860000 2.963000 0.423000
7.426839 -10.976094 -1.270270
2.549000 2.719000 0.469000
