3.589083 17.127417 -0.961500
1.315000 4.368000 0.402000
-32.519215 7.614479 -1.745913
0.273003 1.038000 0.641000
-7.726464 16.796501 -0.909964
1.593000 3.025999 0.399000
1.349098 9.023687 -0.672039
0.328000 0.919000 0.687000
-26.582567 8.239306 -1.883934
3.114000 1.902000 1.514000
15.935608 8.522426 -1.183229
4.122000 1.982000 1.194000
34.771999 7.549000 -1.454462
3.943998 0.861000 0.694000
7.042918 8.517467 -1.210479
4.045000 1.980000 1.647000
17.341751 9.394750 -0.638333
1.976000 1.307000 0.379000
24.751310 -10.888499 -0.945250
0.303001 0.317000 0.493000
27.258423 8.054923 -1.041154
4.254000 1.036000 1.132000
31.650532 7.562563 -1.231000
2.894001 0.724000 1.184000
51.092361 -17.016544 1.551000
4.264000 0.886000 0.360000
-8.779698 -9.576969 0.242909
0.941000 0.686000 0.388000
-31.443033 13.752581 0.989344
2.438999 3.318001 1.946000
-25.607710 14.589043 0.771250
0.220001 0.443000 0.910000
-24.478884 20.773834 0.923953
3.625999 3.183001 0.865000
68.640503 9.640944 1.368500
0.367004 0.513000 2.449000
26.988922 -10.096403 -0.040879
1.713999 1.164001 2.426000
-6.085638 -9.507561 -0.255345
1.591000 1.410000 2.160000
-0.632646 -9.013156 -0.594885
0.857000 0.769000 2.064000
20.220757 -10.659631 -0.281758
1.240000 0.628000 2.192000
24.453966 -10.927376 0.392563
0.920000 0.355000 1.634000
12.469735 15.341068 0.234800
0.153000 0.106000 0.581000
-43.245388 10.531556 0.532389
0.516003 0.820001 1.033000
-0.540988 8.440440 -0.944116
4.146000 1.406000 2.016000
42.599258 12.775740 -0.136217
1.556999 1.295000 0.769000
3.771559 22.838913 -0.126559
1.498000 4.800999 0.352000
-10.823006 15.997872 -0.386743
2.206000 2.233000 0.845000
47.307816 6.762938 -0.662750
1.743999 1.002000 1.136000
-20.505857 19.016644 -0.483000
0.325001 0.237999 0.513000
0.991578 9.547933 -0.301378
0.422000 1.632000 0.422000
-11.317776 15.576055 -1.654333
1.896000 2.393000 0.405000
-0.748842 -11.565579 -1.310947
0.427000 4.485000 0.571000
-2.060720 9.316120 -1.875440
0.303000 1.406000 0.437000
