1.440265 17.804171 -1.510385
0.838000 4.584000 1.143000
-43.947502 6.026800 -2.465700
3.131001 0.843000 0.553000
-39.099323 6.140088 -2.207647
4.146999 2.103000 0.847000
-36.037838 7.447709 -1.719750
3.533001 0.931000 0.647000
-12.220802 17.229498 -0.918696
2.349000 3.004000 0.398000
-30.219988 8.016999 -1.929121
2.006001 1.670000 1.401000
3.531154 8.437414 -1.266767
4.029000 2.201000 1.564000
13.134750 9.411677 -0.561786
0.681000 0.771999 0.420000
12.379569 8.559669 -1.124543
4.104000 2.141000 1.379000
15.901215 15.277429 -0.856929
0.977000 1.038000 0.665000
38.890465 7.183733 -1.394467
2.713001 1.182000 0.785000
43.388390 6.723000 -1.316615
1.096001 0.851000 0.582000
37.151573 -13.760791 -1.039053
4.815998 2.247000 0.308000
21.101736 -10.667895 -0.969421
0.242001 0.398000 0.705000
-3.294358 9.828225 -0.316774
1.069000 1.581000 0.383000
-2.549314 9.644314 -0.361000
0.438000 1.210999 0.386000
28.674332 15.587759 -0.631849
3.121000 2.739001 0.379000
68.821709 -9.904059 1.059706
2.556999 2.002000 2.912000
48.175900 -16.813999 1.492500
3.436996 0.705999 0.325000
-35.319191 12.482714 1.268381
2.233002 1.226000 0.476000
-35.229652 14.115648 1.388541
2.716000 3.061001 0.334000
-29.396748 14.307144 0.699536
0.414999 0.409000 1.578000
-2.404484 15.427389 0.320419
0.210000 0.171000 0.861000
64.930565 10.162389 1.308333
0.290001 0.499001 2.325000
74.954994 9.206084 1.065083
0.321999 0.388000 3.147000
-32.092834 -19.417000 1.310750
3.303999 2.341002 0.516000
-29.841370 -17.302418 1.125895
1.144999 0.700001 0.408000
3.635874 -2.520503 -1.694541
2.539000 1.593000 1.060000
27.947821 7.836957 -1.068891
2.616001 0.850000 1.036000
-2.033478 -4.031616 -1.814342
1.873000 3.486000 1.318000
-11.715787 -9.459383 0.389702
1.982000 1.152000 0.642000
-10.900772 -9.315288 0.540743
0.735000 0.786000 0.338000
-9.614050 -9.679173 -0.332455
2.135000 1.396999 2.318000
-4.186555 -9.089252 -0.558786
1.140000 1.128000 2.170000
16.075500 -10.645215 0.595928
0.090000 0.162001 0.592000
16.991499 -10.222799 0.701700
0.149000 0.179001 0.370000
20.838102 -10.724759 0.265552
0.909000 0.309000 1.302000
23.229385 -9.960783 -0.273904
3.102001 1.732000 2.399000
-69.769905 9.728727 0.529364
0.347000 0.465000 2.494000
16.554531 -10.496181 -0.632102
1.231001 1.002000 1.736000
-48.263748 25.710501 0.648167
0.661003 0.850000 0.660000
-46.934929 10.190071 0.453429
0.723000 0.799000 0.563000
-14.419456 15.884467 -0.402982
3.388000 2.679001 0.809000
18.910204 8.416203 -1.043930
4.166000 1.970000 1.593000
62.325603 6.118000 -0.890100
0.255001 0.778000 0.436000
-3.142307 15.991726 -0.333355
1.246000 3.286001 0.301000
0.348375 15.607938 -1.466375
0.220000 2.469000 0.649000
-4.968778 -10.925113 -1.299333
2.165000 4.346000 0.579000
-5.318550 -13.046501 -1.523550
1.778000 4.415999 0.588000
9.090824 12.615647 -1.713059
3.823000 4.700999 0.656000
-2.943922 9.657627 -1.872157
0.593000 2.028000 0.508000
5.122679 9.553600 -1.879040
1.268000 1.465000 0.307000
