-28.880585 -1.550250 -10.704415
1.097000 0.240000 0.873000
-1.897056 -4.445209 -1.725713
2.446000 4.463000 1.213000
0.746612 -5.162371 -1.662917
3.814000 2.148000 0.336000
-0.549700 9.760651 -1.986300
0.433000 1.496000 0.304000
-25.265657 8.332630 -1.736763
3.490002 1.158000 1.488000
-50.153641 6.892791 -1.906813
3.444000 1.861000 1.517000
-50.700333 12.444000 -1.328111
3.213001 0.726000 0.351000
-49.694199 14.618134 -1.336467
3.475998 0.493999 0.743000
0.460657 16.697407 -0.712219
1.060000 3.985000 0.762000
11.213201 32.497002 -0.792500
1.812000 4.712002 0.339000
-4.523222 17.904558 -0.519833
0.912000 3.135000 0.450000
11.103930 30.630072 -0.690000
0.691000 0.424999 0.360000
-50.128700 -11.217100 -1.396400
1.713001 1.240001 1.281000
-8.359289 14.732399 -0.265356
0.824000 1.205000 0.303000
-12.717167 19.271667 -0.298000
1.349999 2.052000 0.463000
-21.055418 15.305751 -0.399083
1.535000 1.239000 0.807000
55.244873 18.779604 -0.417043
0.465000 0.825001 1.136000
-29.049644 -10.781835 -0.906405
0.838999 0.861000 1.681000
-67.040802 11.892401 -0.615300
3.135002 0.823000 1.671000
72.925774 20.340908 -0.184000
2.789001 1.657999 1.828000
79.805626 3.008563 -0.300000
0.305000 1.383000 1.373000
20.719961 -10.693460 -0.041769
1.005001 0.346000 0.575000
13.168612 31.703108 1.230611
0.769000 0.521000 0.389000
44.687622 22.117937 1.566000
1.239998 1.226999 0.948000
43.352772 13.196777 0.731056
0.763000 1.355000 2.165000
47.665752 -1.821625 0.716458
0.521000 0.635000 2.614000
-22.304880 -9.696353 -0.283333
2.729000 1.401999 2.785000
-24.451363 -10.101409 0.927318
4.649000 1.672000 0.421000
10.986518 35.124756 -1.568724
1.529000 3.973999 0.730000
-30.194220 -10.422413 0.915892
2.603001 0.967000 0.991000
-6.161706 9.789000 -2.054235
1.031000 1.711000 0.365000
-18.373547 -16.811142 0.922119
2.868000 1.843999 0.303000
11.287652 33.107407 0.940959
2.698999 4.013002 0.886000
10.691157 35.465206 1.226053
1.375000 3.404999 0.773000
9.612012 33.696068 0.445211
1.911000 2.002003 1.929000
0.857941 14.335343 -0.776876
1.205000 2.310999 2.640000
0.615403 17.192879 0.604388
0.713000 3.648000 0.463000
-9.918750 15.605045 -0.031227
1.195000 1.610000 1.689000
-50.050697 13.127158 1.657750
2.579998 3.309000 0.987000
-29.166082 -10.942864 0.628541
3.400000 1.204000 0.784000
-0.002694 14.849156 -0.065450
1.459000 1.525000 1.281000
12.425900 32.096504 0.529800
0.393001 0.321001 0.418000
65.200676 -6.319167 0.721167
4.393997 0.972000 0.839000
54.291801 13.493225 -1.042898
2.593002 2.650001 2.664000
-41.199833 7.656666 -1.794889
0.968998 1.103000 0.779000
-16.031567 8.681876 -1.520000
4.083001 2.637000 1.659000
-7.199167 16.308916 -1.154083
0.863000 1.928999 0.316000
-27.874174 8.004118 -2.129824
0.590000 0.853000 0.690000
-6.145881 8.566577 -1.285449
2.739000 1.861000 1.366000
8.806563 45.240311 -3.763375
0.967000 3.370003 1.100000
10.968500 31.605732 -2.999462
1.164000 3.083000 1.156000
6.999272 53.435184 -4.770727
0.583000 4.282001 1.547000
1.467077 14.461184 -1.545173
0.489000 1.681001 0.907000
-1.944371 8.539999 -1.345796
4.310000 1.597000 1.375000
9.578125 25.765627 -2.715584
0.624001 0.357000 0.679000
2.658462 17.962154 -1.849231
0.128000 0.272999 0.561000
-7.081739 14.228240 -1.829478
0.674000 1.134999 0.485000
-8.521701 8.408539 -1.731754
1.068000 0.991000 0.905000
