6.904846 16.203539 -1.222000
1.860000 4.051000 0.654000
0.088850 9.307024 -0.725975
0.302000 1.516000 0.482000
0.997483 9.774050 -0.654717
0.574000 1.621000 0.459000
3.472575 15.492104 -1.233970
0.828000 2.283999 1.045000
-16.026276 8.334830 -1.464416
3.934000 1.721000 1.316000
-0.551552 8.446895 -1.318004
4.240000 1.589000 1.669000
-25.268362 8.138471 -1.752539
3.612000 1.884000 1.408000
8.357242 8.555324 -1.236815
3.924000 1.889000 1.478000
14.484064 9.624743 -0.702645
2.006001 1.412000 0.394000
-9.541191 8.516829 -1.244782
3.812000 2.388000 1.711000
-10.829999 17.623188 -0.605875
1.855000 2.952999 0.375000
-33.649197 7.672967 -1.450328
4.294998 2.005000 1.956000
-45.183945 14.196721 -0.983444
3.204998 1.941999 0.597000
-43.558102 13.321901 1.182900
2.542000 1.108000 1.147000
-4.662938 15.456734 -0.055816
0.514000 1.523000 1.673000
6.372715 15.744430 0.366643
0.214000 0.231000 0.710000
-29.024252 -18.628250 1.286500
3.703001 2.194000 0.339000
-33.482468 -17.888132 1.369467
4.468998 2.463001 0.394000
-4.942192 8.461845 -1.399461
3.285000 1.831000 1.413000
-42.945995 -18.958071 1.505786
2.510002 1.625000 0.584000
4.782210 16.225315 -1.341895
1.389000 4.004000 0.673000
-33.702274 -10.656535 0.233084
3.302002 1.791000 3.212000
-39.899200 -10.484800 1.450200
3.777000 1.231000 0.386000
-49.891819 -19.529726 1.705182
0.853001 0.546999 0.604000
-12.864785 -10.499249 -0.364024
1.589000 1.480000 2.329000
-8.431547 -10.462607 -0.447616
1.003000 0.643001 2.085000
-6.112252 -9.326475 -0.323600
1.353000 1.047999 2.044000
57.592499 -15.437900 1.847900
0.334000 0.449000 0.660000
64.065933 -2.422071 1.049143
0.633003 0.602000 3.073000
54.252857 12.801818 0.592636
0.772999 0.626000 2.330000
44.132763 12.810060 0.610059
0.180000 0.389000 1.627000
28.216671 -10.969974 -0.228297
4.378000 1.571000 1.135000
48.998211 -10.940714 0.034000
2.104000 0.470000 1.230000
59.177418 -14.644333 0.166083
3.361000 0.183000 0.689000
16.434500 18.777500 -0.104000
1.273001 1.613001 0.508000
5.507222 19.557335 -0.130278
1.072000 3.573000 0.423000
5.232429 20.581760 -0.133619
1.223000 3.882000 0.440000
9.234099 20.163300 -0.312000
2.222000 4.816000 0.519000
-6.920905 21.114143 -0.391333
1.642000 4.462000 0.648000
-7.398263 20.866369 -0.378737
1.419000 3.614000 0.573000
5.984782 14.825044 -1.524609
0.776000 2.019000 0.642000
3.413350 15.927500 -1.724550
0.386000 1.147000 0.303000
6.867326 9.419370 -1.482978
0.469000 0.801001 0.693000
-11.550043 13.623956 -2.039826
3.599000 4.669000 0.635000
-6.479818 9.348794 -2.055977
1.128000 1.254000 0.303000
1.466067 10.047866 -1.986833
0.502000 2.000000 0.491000
-4.503631 9.788368 -2.021526
0.781000 1.733000 0.414000
-0.787307 9.726433 -2.057216
2.462000 1.402000 0.351000
