-7.063217 8.527661 -1.403794
3.280000 2.507000 1.427000
1.173143 16.160143 -1.114928
0.264000 0.907000 0.310000
2.909025 16.762691 -1.328154
1.220000 4.014000 0.673000
-3.599403 9.615096 -0.843629
1.313000 1.705000 0.559000
1.800798 14.181045 -0.984226
1.102000 0.590000 0.737000
-2.789597 9.820034 -0.655298
0.755000 1.582999 0.521000
-1.857667 9.722362 -0.677758
0.512000 1.575000 0.446000
-10.928534 -15.958436 -1.213067
0.857000 0.398000 0.349000
-29.989645 7.324706 -2.054647
1.142000 0.657000 1.008000
-27.153454 8.125399 -1.742368
2.060999 2.085000 1.189000
-6.124875 14.165000 -0.879125
0.251000 0.373000 0.450000
6.207442 8.614834 -1.280853
3.923000 1.783000 1.456000
-18.338379 8.296474 -1.487380
3.951000 1.987000 1.332000
4.715049 14.273750 -0.758650
0.334000 0.358001 0.359000
-2.511112 8.418936 -1.255927
4.214000 1.454000 1.725000
27.919727 12.815907 -1.359445
3.723000 2.464999 0.731000
14.426700 16.103901 -0.666400
3.179000 3.478001 0.315000
-11.589094 8.551481 -1.242304
3.733000 2.239000 1.763000
-44.766708 12.390796 0.551909
0.267002 0.650001 2.794000
-30.798531 17.518353 0.681176
2.712000 2.067999 1.493000
-6.850363 15.499000 0.615000
0.118000 0.129000 0.316000
4.146232 15.770397 0.080140
0.176000 0.198000 1.376000
29.311541 31.010164 1.452125
1.288000 0.674999 0.492000
31.737839 13.227449 0.062633
1.650002 0.732000 2.276000
51.519455 12.914452 0.468710
3.431000 0.807000 2.905000
-52.451355 -19.862856 1.821357
3.088997 1.886999 0.715000
-45.264000 -19.166466 1.601667
0.306999 0.670000 0.550000
-14.942377 -10.571507 -0.369310
1.455000 1.365001 2.369000
-10.482656 -10.472297 -0.459618
2.542001 1.689000 2.146000
-8.242478 -9.384562 -0.252793
1.553000 1.173000 2.131000
55.468361 -15.203272 1.847818
0.272999 0.492000 0.640000
61.838135 -2.224800 0.472667
1.161999 0.614000 3.401000
27.269739 -10.876408 -0.172815
1.063000 0.393001 1.057000
5.603738 14.528480 -0.099870
0.327000 1.327001 0.372000
3.189565 20.464348 -0.137348
0.885000 3.789001 0.431000
2.838941 21.504824 -0.173765
0.849000 4.445000 0.441000
29.940283 9.020819 -1.186298
4.104998 2.321000 1.487000
-47.157318 13.777279 -0.881880
3.863003 2.537999 0.673000
2.170353 16.686115 -1.369118
1.142000 4.058000 0.852000
1.063053 15.293736 -1.376684
0.290000 0.311000 0.390000
-12.946300 11.835799 -1.997400
2.766000 2.674999 0.385000
-12.214175 9.715118 -2.081765
1.446000 1.682000 0.306000
