-3.053571 9.208857 -1.956857
0.445000 1.467000 0.326000
-2.828466 9.961532 -2.013667
0.591000 1.551000 0.348000
-13.309667 16.998417 -0.590667
1.962000 2.445001 0.377000
14.263667 34.648949 -1.189714
1.821000 4.999001 0.715000
19.077402 9.118032 -1.224051
4.191999 2.493000 1.298000
-61.585999 11.593637 -1.433909
3.022999 1.565000 0.683000
-9.667692 20.463999 -0.305923
1.848000 3.289999 0.475000
2.476700 21.358362 -0.299567
0.738000 4.489000 0.701000
-26.161879 -10.802502 -0.892542
0.966002 0.835999 1.704000
13.510692 34.082077 0.224615
0.559000 0.919998 0.407000
75.621948 20.393391 -0.088944
2.695000 1.730000 1.348000
41.505501 -10.407000 -0.014429
1.348000 0.387000 1.033000
-53.523785 16.454948 -0.175368
2.855000 1.346001 1.761000
-7.145000 15.677668 0.488952
0.203000 0.195000 0.613000
3.694264 17.363058 0.657706
1.044000 3.265000 0.395000
13.254300 34.958801 1.356200
1.617000 3.129002 0.345000
15.145168 31.838528 0.117083
1.735001 3.410002 2.347000
45.962971 18.308170 1.518743
1.549000 2.106001 1.203000
56.239494 20.436787 1.766428
0.962002 1.103001 0.682000
40.537029 13.285969 0.541645
0.848000 0.393999 2.359000
50.539780 -1.795667 0.938667
0.502998 0.347000 2.416000
-19.453079 -9.678135 -0.354164
1.188000 1.339000 2.617000
-22.093225 -10.421193 0.905484
4.705000 1.971000 0.508000
-26.741261 -10.710740 0.842362
4.685001 1.811000 1.056000
-47.983498 -12.440400 1.547300
4.839001 1.414001 0.696000
-18.197817 15.352728 0.803818
0.199999 0.196000 0.447000
-41.482300 15.892499 1.571600
2.500000 0.469000 0.359000
-47.003483 13.857130 1.448609
2.047001 1.100000 1.173000
-47.388298 12.235833 1.633033
1.783001 1.709000 0.561000
46.343868 13.444266 0.715600
0.550999 0.691000 2.016000
57.500393 13.463194 -0.644415
2.794998 2.290000 2.910000
63.318790 23.610641 1.172929
1.424999 2.643002 0.864000
22.031023 -10.749246 -0.200488
1.084002 0.335000 1.346000
-13.100174 8.655726 -1.372765
4.253000 2.004000 1.623000
-38.641853 7.704690 -2.052931
1.897999 0.999000 1.081000
13.429067 35.466934 -2.142467
0.670000 2.174999 0.893000
-6.852438 15.092813 -0.891250
0.862000 1.631000 0.395000
-18.202837 8.416597 -1.580611
3.556000 1.622000 1.373000
-9.118385 14.908154 -1.151769
1.052999 1.761001 0.431000
0.742179 8.512615 -1.310811
3.970000 0.934000 1.293000
-3.952309 8.462398 -1.362709
3.774000 1.756999 1.324000
12.423084 25.679380 -2.667917
1.332001 2.580000 0.712000
