4.717428 0.930964 -1.642893
2.497000 0.546000 0.772000
-3.047434 -4.310133 -1.767881
2.742000 3.413000 1.360000
18.208881 16.849760 -0.778240
4.663001 4.418000 0.395000
32.816307 -10.964001 -0.652231
3.191000 0.969000 0.477000
8.342205 -9.260793 -0.675029
0.132000 0.187000 0.994000
-15.411157 32.458736 -0.549947
0.837000 0.924000 0.448000
46.195412 20.045000 -0.951471
0.510998 1.302000 0.612000
31.868143 -2.075714 -0.633071
0.721998 0.156000 1.148000
14.874385 -10.890898 -0.453629
1.198000 0.864000 1.242000
64.269424 2.278281 -0.195781
1.098003 2.629000 1.114000
-19.313559 40.480442 0.162320
1.955999 4.450001 1.077000
1.074673 22.547716 0.835404
1.115000 3.755001 0.496000
2.069585 12.936222 -0.015608
0.859000 4.198000 1.284000
5.189044 24.607828 0.688826
1.067000 3.799999 0.593000
26.925646 19.236292 0.684706
3.795000 3.125000 1.187000
27.739975 17.745871 1.054385
1.459999 0.990000 0.802000
21.981207 13.028209 -0.061175
0.761999 0.541000 1.873000
45.152817 24.062000 1.436455
0.209999 0.507000 0.957000
27.683146 12.705587 1.049471
0.587000 1.285000 0.581000
39.165707 12.935178 -0.483875
2.776001 2.084001 3.035000
-38.189629 -13.496251 1.328500
4.044003 2.049000 0.472000
-34.999855 -11.949714 1.081714
1.598000 1.094000 0.705000
4.201972 9.951258 -1.823772
1.451000 1.993000 0.347000
-41.409634 -9.354908 1.237364
0.952999 0.448000 0.778000
-34.024509 -17.129856 1.116191
4.293001 2.752000 1.389000
-34.225933 -21.233679 1.459714
1.498997 1.944000 0.487000
31.895298 -2.118850 0.870000
0.438999 0.549000 0.977000
-54.531685 14.506375 1.757000
1.708000 0.980000 1.376000
44.273731 13.156801 0.550000
1.473999 0.419999 1.934000
-3.286342 17.358805 -0.755122
0.720000 1.501999 0.382000
-4.405264 19.579790 -0.880500
1.663000 4.335001 0.580000
-30.883081 9.070611 -1.918278
3.019999 2.218000 1.584000
-40.888367 8.366001 -2.163728
3.534000 1.221000 1.254000
-56.962402 7.770201 -2.351300
0.667000 1.217000 0.698000
-21.269215 8.655562 -1.736359
3.419001 1.296000 1.192000
1.774918 8.687862 -1.252070
4.596000 2.014999 1.406000
-16.721119 8.779757 -1.614944
3.712999 1.905999 1.360000
10.887734 15.435667 -1.128267
2.480000 3.021000 0.350000
-24.277933 8.415733 -2.084733
0.893000 0.503000 0.816000
9.724105 -11.235105 -1.306053
2.418000 2.809999 0.334000
-22.127668 9.287833 -2.304500
3.785000 1.359000 0.418000
