-2.372868 -3.722737 -1.710526
1.872000 2.851000 1.229000
1.711529 10.009529 -1.945765
0.640000 1.986000 0.352000
12.997436 34.606953 -1.284217
1.691999 4.955997 0.844000
-48.587578 6.983853 -1.762869
4.314003 1.988000 1.613000
-47.063225 14.498183 -1.348111
4.088997 1.827001 0.751000
-14.156614 16.763077 -0.615769
2.016001 2.277000 0.380000
2.499245 17.234200 -0.662844
1.062000 3.230000 0.765000
19.233084 9.953000 -0.637750
0.764000 0.819000 0.305000
17.973331 9.124210 -1.220360
4.237000 2.264999 1.343000
-44.893330 12.829667 -1.088083
0.652000 0.448999 0.516000
12.102400 32.912399 -0.891900
0.901000 1.521999 0.679000
14.000231 31.362459 -0.696000
1.663000 3.373999 0.387000
-52.429909 16.646816 -0.774455
0.058002 0.806999 0.387000
-10.661556 19.270056 -0.315778
1.360999 2.342001 0.456000
1.323529 20.986912 -0.315853
0.578000 4.452000 0.696000
38.566723 12.805001 -0.788055
4.637001 1.737000 1.261000
74.488556 20.323921 -0.352840
3.486000 1.837999 1.873000
41.133301 -10.467000 -0.241750
2.073002 0.477000 1.249000
21.625668 -10.739904 -0.264857
1.514000 0.322001 1.161000
14.139896 32.594761 1.188069
1.024000 2.011997 0.716000
15.091411 31.732706 1.236529
0.713000 0.571001 0.400000
44.945553 18.583000 1.375959
2.961998 2.959002 1.745000
39.539825 13.295000 0.953647
0.234001 0.314000 1.283000
45.353703 13.429824 0.682118
0.669998 0.683001 2.584000
75.521561 12.605794 2.467310
3.993996 2.818999 0.896000
49.646202 -1.803000 0.545720
1.229000 0.521000 2.996000
-20.402727 -9.656651 -0.498875
1.951000 1.770000 2.706000
-23.302259 -10.464888 0.949593
4.743000 2.085000 0.402000
-27.540268 -10.766797 0.248485
2.973000 1.772000 3.021000
-23.251856 8.538795 -1.567855
3.417999 1.752000 1.528000
-14.127945 8.581635 -1.425569
4.157999 2.056000 1.770000
-48.006905 -11.109304 0.992683
2.999001 2.639000 2.091000
-53.016300 -10.811084 1.323500
4.305000 0.841001 1.318000
-15.103287 -16.192499 0.838786
1.775001 1.793000 0.320000
-8.104300 15.680899 0.480900
0.220000 0.166000 0.629000
-47.867523 13.870400 1.504160
1.132000 1.261001 1.190000
-48.336693 12.178885 1.669077
1.726002 1.724000 0.570000
-1.210000 15.894461 0.229154
0.036000 1.108000 0.477000
10.755935 39.163906 0.157032
1.483000 3.784000 1.530000
-13.837807 9.680420 -0.924053
1.427999 1.366000 0.459000
-39.376923 7.860672 -2.179348
1.881001 2.036000 1.054000
12.659300 35.842094 -1.825900
1.016999 2.332001 0.377000
-8.754925 14.164346 -0.929346
0.550000 0.292000 0.311000
-19.160904 8.385585 -1.649700
4.923000 1.460000 1.315000
-25.809412 7.857655 -1.964069
1.708000 0.586000 1.126000
-33.649586 7.501083 -2.180833
1.303001 0.435000 0.654000
4.355739 17.188478 -1.577435
0.966000 3.746000 1.124000
-4.787742 8.498572 -1.422842
3.863000 2.256999 1.401000
-10.396667 14.694249 -1.322417
1.025000 1.315000 0.337000
-0.164366 8.557851 -1.380960
3.975000 1.841001 1.352000
11.402189 25.449240 -2.695190
1.364000 3.289999 0.535000
-20.103251 9.273167 -2.255833
3.983002 1.809000 0.481000
