-1.536762 -4.225684 -1.783297
4.117000 3.270000 1.327000
-47.755947 7.679211 -2.067737
1.483997 1.562000 0.879000
-38.344242 8.173440 -1.782800
1.313999 1.018000 0.726000
-34.506832 7.954500 -1.941000
1.459000 0.662000 1.163000
-27.105881 8.393646 -1.673853
3.945002 1.561000 1.393000
-5.215944 43.520500 -2.136389
0.217000 3.338001 1.430000
4.129750 33.186501 -1.167917
0.694000 4.551001 0.382000
26.103315 12.517271 -1.332328
3.528999 1.905000 0.710000
-31.889715 8.526774 -1.615857
3.421001 1.586000 1.440000
-22.170887 8.786980 -1.510157
4.016001 1.960000 1.512000
-55.809650 -10.721144 -2.172643
3.876999 0.912000 0.742000
6.204100 17.860102 -0.535000
0.612000 1.813999 0.307000
-56.650318 7.124200 -1.778120
4.077000 1.534000 1.674000
-57.488667 12.602934 -1.189000
1.777000 0.959000 0.329000
-11.581437 17.442125 -0.476625
1.900000 2.840000 0.355000
2.962453 19.367716 -0.862773
0.620000 4.797001 1.732000
48.826874 18.634434 -0.726130
0.561001 0.969999 0.954000
36.565159 -10.670770 -0.426615
0.935001 0.361000 0.705000
73.458763 2.727308 -0.193692
1.468002 1.336000 0.934000
61.874626 -4.895000 -0.516800
4.810997 2.691000 1.290000
14.835959 19.850290 -0.032560
4.884001 3.521000 0.481000
17.668652 18.709408 -0.172333
2.473000 3.181999 0.779000
66.554893 20.141899 -0.324138
4.427002 1.873999 2.036000
18.111706 -10.735854 -0.423055
1.015001 0.319000 1.276000
2.100838 36.571888 1.213054
1.473000 4.898003 0.715000
15.079813 23.339314 0.829250
0.504001 0.688999 0.512000
21.169014 13.073968 0.062493
0.685999 0.474000 2.083000
37.996201 21.267223 1.402500
2.830002 3.454000 0.866000
36.707993 17.955513 1.066745
1.990997 1.254000 1.258000
38.957607 18.138165 1.298833
3.618999 1.556000 1.037000
46.848751 20.770582 1.760333
1.661999 1.510000 0.621000
49.857140 19.950827 1.017827
3.786003 1.879000 2.652000
41.198460 -1.938250 0.675857
0.587002 0.531000 2.259000
-24.751970 -16.823517 0.866971
3.049000 1.626000 0.749000
-35.139000 -17.828402 1.291900
0.546997 0.603001 0.437000
10.157799 8.935618 -1.240497
4.540000 1.955001 1.313000
-30.524500 -9.688500 1.193300
3.539000 1.008000 0.314000
-28.109615 -9.622515 1.016231
2.517000 1.035000 0.568000
-7.217597 9.508841 -2.013895
1.104000 1.865001 0.345000
-26.597122 -10.120399 1.063120
0.837999 1.066000 0.331000
34.846355 -15.057001 1.286786
0.198997 0.452001 0.426000
-5.563785 14.458197 -0.820828
2.189000 2.277000 2.679000
-6.032615 15.483077 0.564231
0.689000 1.526000 0.421000
-56.219021 13.266830 1.880702
2.078003 3.351999 1.388000
62.013809 -4.822346 1.653769
1.244999 2.283000 1.531000
53.071518 13.105639 0.476920
4.183002 1.557000 2.687000
48.226498 13.395955 -0.642133
2.466000 1.800000 3.303000
36.762962 13.181608 0.053250
3.884998 1.139000 2.164000
-16.214630 15.603630 0.241158
1.434999 1.247000 0.839000
-30.136446 -10.428888 0.443889
4.216000 1.519000 0.782000
63.422062 13.401813 0.537125
0.223000 0.653999 2.388000
31.199299 13.167325 -0.171784
0.590000 0.498000 1.614000
-28.786875 -9.653191 -0.746046
0.894001 1.095000 2.393000
36.317497 19.504599 0.337200
0.416000 0.603001 0.961000
-12.288315 8.892643 -1.384594
4.143000 2.069000 1.508000
-4.778048 16.099045 -1.042333
0.346000 1.150000 0.408000
-7.604539 15.782461 -0.969846
0.732000 1.973001 0.335000
-6.870966 14.209873 -1.533421
1.610000 1.621000 1.064000
-7.936950 14.279881 -1.371339
0.690000 1.164000 1.008000
-7.844006 8.626081 -1.355960
4.136000 1.689000 1.417000
-29.257458 8.409182 -2.173000
3.199001 0.829000 0.411000
-7.283381 16.604904 -1.401619
1.964000 3.837000 0.678000
-14.927172 8.376586 -1.811131
0.950000 0.367000 0.873000
-4.738347 17.345961 -1.762694
0.484000 2.276001 0.812000
-25.388998 9.043799 -2.276100
3.716002 1.292001 0.362000
