-41.607845 17.321383 -2.240846
3.221001 0.939001 0.618000
-37.086308 17.074385 -2.201231
3.944000 1.171999 0.905000
-1.625556 15.489058 -1.012593
1.435000 2.428999 1.400000
-40.728592 13.597553 -1.791793
1.447998 0.584000 1.265000
27.914968 8.069634 -1.478535
2.808001 1.699000 1.159000
-63.658455 13.513307 -1.935539
2.428997 0.492001 1.625000
50.262897 11.450399 -1.204100
2.250000 0.507000 0.561000
37.261959 7.339936 -1.260702
2.507999 1.644000 1.092000
74.697075 -12.934723 0.565862
2.805000 2.300000 2.722000
-20.722960 12.351541 0.780250
0.708000 0.687000 0.465000
-21.182354 28.556376 0.784500
1.535000 1.719000 1.490000
-9.019880 15.599082 0.297800
0.408000 0.321000 1.312000
-3.241743 15.514345 0.127657
0.131000 0.167000 1.153000
20.387077 -9.619583 0.014910
1.922001 1.174999 2.182000
14.942495 -9.852231 -0.102604
1.701000 1.455999 2.015000
-15.084029 8.522995 -1.521206
2.637000 1.934000 1.239000
40.867371 -12.311947 0.617877
1.777000 1.547001 2.598000
73.729950 9.266200 0.863567
2.750000 1.812000 3.135000
30.431627 17.472517 0.832444
2.985001 2.349001 1.275000
2.078303 19.620609 0.253485
0.229000 0.139999 1.303000
-52.814541 -10.107000 -0.099455
0.249001 0.276000 2.541000
-39.031898 16.063971 -0.380389
1.918003 2.359001 3.208000
-43.549072 13.553934 0.394800
0.529999 0.593000 0.766000
11.185184 16.120461 -0.212118
2.523000 2.655001 0.748000
20.440863 8.309128 -0.904947
4.389999 2.407000 1.836000
26.605635 15.128635 -0.453273
3.636999 2.099000 0.376000
-11.100653 8.790372 -1.500669
4.103000 2.120999 1.351000
-4.405931 9.863623 -0.901724
0.472000 0.833000 0.355000
-5.186651 8.671815 -1.419111
3.664000 1.983000 1.377000
-4.256166 17.478609 -1.453833
0.728000 1.972000 0.371000
-5.020539 19.247925 -1.582231
1.464000 4.612000 0.439000
10.042874 15.587375 -1.581458
1.456000 2.453001 0.372000
-6.240917 9.702834 -1.012750
1.108000 1.388000 0.322000
-18.158062 8.090970 -1.942182
0.743999 0.612000 0.576000
-2.192857 16.843287 -1.628214
0.551000 2.957001 0.575000
