-0.168141 -4.789121 -1.724225
4.970000 2.574000 0.367000
-46.470634 8.399364 -2.248727
1.375000 0.602000 1.174000
14.478295 16.152060 -0.999147
3.569000 3.349000 0.543000
-39.709648 14.195643 -1.284286
1.955002 0.526999 0.339000
-44.854073 -10.514461 -1.774308
2.176998 0.987000 0.926000
-71.004288 7.565500 -2.185214
2.060005 1.492000 1.290000
3.064756 -9.291986 -0.812905
0.143000 0.316000 1.078000
40.605648 19.930731 -1.229784
2.058998 2.425999 0.774000
-11.606750 16.600584 -0.462167
0.355000 0.335999 0.486000
34.846504 18.401430 -0.908077
3.156998 3.870001 1.545000
-64.134888 14.844206 -0.568974
2.829998 1.889000 1.634000
51.883530 20.231312 -0.098158
4.120998 1.519999 0.960000
59.203411 2.357963 -0.098741
2.238998 1.379000 1.043000
-10.724999 30.514666 1.157667
0.345000 0.713999 0.375000
-9.791166 34.190388 1.248056
1.281000 3.090000 0.473000
-2.996866 12.979227 -0.105228
1.255000 4.088000 1.557000
-3.782000 21.951466 0.795577
1.036000 2.992001 0.451000
-0.204451 24.189436 0.708591
1.228000 4.174000 0.791000
0.777328 23.385181 0.626885
1.579000 1.407999 0.855000
5.371647 25.723764 0.651529
0.566000 2.933001 1.098000
4.810191 22.218235 0.476190
0.513000 2.661999 0.939000
23.910900 20.108898 1.139300
2.750999 2.571999 0.435000
16.763897 12.957114 -0.093987
0.806000 0.537000 1.918000
25.260477 18.311129 1.037783
1.230000 0.868000 0.600000
33.765583 21.732895 1.422474
3.703003 2.603001 0.431000
22.552887 13.018603 0.342860
0.571999 0.375000 2.053000
-25.288950 -15.986334 1.047476
2.708000 2.241000 0.410000
-1.607857 10.037570 -1.963571
0.954000 1.613999 0.323000
-45.565948 -9.229632 1.513684
4.341000 1.042999 0.877000
30.342768 -11.170532 -0.265700
2.500000 0.393000 1.171000
-39.827694 -11.194386 1.361731
1.304001 1.521999 0.493000
26.699068 -2.176721 0.429977
0.603001 0.552000 1.952000
52.991497 13.131800 1.881800
0.994999 0.592999 0.362000
48.852570 13.028001 0.596179
1.359001 0.813000 2.765000
38.949261 12.999146 0.330407
2.959999 1.146999 2.473000
33.660042 13.167446 -0.618657
2.662998 2.183001 3.063000
-59.652313 14.569315 1.777631
1.324001 1.106000 1.471000
39.843769 23.835846 1.180385
2.000999 1.326000 0.573000
22.084499 19.325901 0.561900
0.830999 0.465000 0.573000
-10.870455 33.748547 0.771000
0.620000 0.375000 0.452000
13.342456 -10.923594 -0.231576
0.974000 0.301001 0.931000
11.926270 16.321325 -0.967622
1.844000 0.173000 0.341000
-8.376033 17.383677 -0.885548
0.789000 1.349001 0.305000
-26.550835 8.867197 -1.787500
4.176001 1.540999 1.408000
13.520322 -10.977142 -0.909464
0.839000 0.281000 0.336000
13.482461 16.275539 -1.170154
0.987000 0.084000 0.303000
10.260643 16.241501 -1.030536
2.792000 3.715000 0.314000
-20.876642 16.992357 -1.519786
3.546999 2.400000 0.709000
-21.943474 8.890234 -1.771213
3.920000 2.065001 1.295000
-40.475857 8.401428 -2.319572
2.769001 0.501000 0.812000
19.938725 11.788160 -1.558080
2.789000 1.106000 0.473000
8.533200 15.145498 -0.930800
2.124000 3.431000 0.333000
-19.362675 16.288559 -1.593279
0.462999 1.103001 0.762000
-29.369801 8.502799 -2.214600
1.826000 0.620000 0.989000
-3.007981 8.672968 -1.356545
4.519000 1.881999 1.381000
12.650333 15.508556 -1.437611
4.438001 4.886999 0.652000
6.392900 14.781000 -1.136000
1.617000 3.228999 0.373000
6.475801 17.777800 -1.370800
1.045000 2.724001 0.308000
11.409173 13.464172 -1.390130
2.076000 2.229000 0.460000
-19.344858 15.486715 -2.090214
1.183001 0.851001 0.302000
-6.059289 11.453566 -1.299281
3.661000 4.646000 0.806000
3.384194 -11.069360 -1.329778
0.969000 2.593000 0.376000
5.691175 -8.197010 -1.478815
1.179000 1.857000 0.360000
