-48.876598 13.841700 -1.966300
2.620998 0.389000 0.405000
-64.591316 13.960526 -2.203474
2.543999 2.308001 0.827000
17.764099 18.694399 -0.896500
1.364000 1.047001 0.303000
39.635452 32.478821 -1.558636
2.918999 1.299999 1.020000
37.963898 20.196699 -1.231200
0.193001 0.702002 0.540000
-5.507837 -9.327407 -0.704449
0.189000 0.220000 1.053000
36.189156 32.321987 -1.687375
2.973999 2.046000 1.408000
33.396137 12.274345 -1.015690
2.927000 0.873000 0.822000
25.515020 18.604666 -0.741962
0.688000 1.087000 1.341000
-9.061466 24.814535 -0.135133
1.283000 2.233000 0.349000
45.546833 18.735250 -0.367167
0.391003 0.424999 0.960000
-16.419104 19.052467 0.538362
0.901001 1.519999 1.060000
-10.130470 22.943705 0.960000
1.301000 2.282000 0.353000
-5.040521 22.595396 0.697250
1.258000 3.778002 0.590000
13.337134 19.545965 -0.020382
1.380000 2.091000 1.899000
14.137866 19.871332 0.874567
2.513000 3.530001 0.619000
13.901987 17.829145 0.710400
1.552000 0.980001 0.565000
16.460026 18.441164 0.789432
1.200001 0.807999 0.781000
13.755979 13.061834 0.335222
0.597000 1.208000 1.499000
30.436296 23.741667 1.075185
4.195000 3.962002 0.878000
29.391665 21.840467 1.211800
2.927999 2.348000 0.689000
25.902805 13.350361 0.245920
0.539000 0.910001 2.133000
-51.978237 -13.647160 1.271680
3.215000 2.076000 1.312000
46.265751 16.313499 -0.012000
0.320999 0.713999 0.843000
-54.329502 -9.408250 1.461031
4.303001 1.318001 1.353000
-17.101429 -14.732713 0.836143
2.771999 2.238999 0.359000
-5.557833 -9.340833 0.247833
0.242000 0.387000 0.661000
18.016373 -1.998746 0.363177
0.549000 0.503000 1.209000
40.126503 13.310875 0.342725
1.732002 0.773000 2.522000
30.186193 13.285034 0.183258
0.712000 0.631000 2.194000
-11.742642 13.039928 -0.479517
0.987000 0.816000 2.387000
-18.181784 16.365929 0.903214
1.171000 1.023001 0.318000
-61.582760 14.181668 2.053933
4.076000 2.323000 1.542000
12.249770 -10.778530 -0.025265
1.308001 0.311000 1.181000
40.602718 33.522949 1.005381
1.464001 0.736000 1.299000
14.459726 19.458000 0.400273
2.066999 2.914999 0.632000
-11.211462 43.498001 0.854923
0.777000 1.429001 0.580000
27.876181 -11.088718 0.099744
4.674999 1.827000 1.245000
59.643528 13.050199 0.206733
2.445000 0.834000 1.423000
65.891907 36.017178 0.536136
4.112000 3.672001 1.291000
50.010956 2.649458 0.310000
0.442001 1.422000 0.585000
14.432666 17.578501 -1.247167
0.916000 0.764999 0.407000
-30.469793 8.777222 -2.113331
3.313999 1.692000 1.353000
-45.078384 8.839667 -2.664822
2.418999 1.679000 1.246000
13.517818 12.808545 -1.195182
0.882000 0.814000 0.388000
15.804049 20.076899 -1.464000
3.783000 4.735001 0.395000
-34.866650 8.240449 -2.588000
2.858002 0.892000 1.013000
5.003338 17.086189 -1.380541
1.502000 4.789000 0.666000
-15.917412 -11.794912 -1.487677
3.725000 2.792000 0.313000
4.254343 16.354761 -1.250394
1.325000 0.112000 0.313000
-11.038664 8.779541 -1.635272
4.423000 2.570000 1.452000
-0.418771 17.584488 -1.482000
0.766000 2.231001 0.401000
6.606880 15.857480 -1.465080
1.620000 3.551000 0.380000
4.102500 17.219000 -1.558500
0.712000 1.668001 0.386000
3.325294 16.375530 -1.598824
0.210000 0.136000 0.531000
2.148157 16.213194 -1.573686
1.928000 4.323999 0.757000
11.740271 11.820474 -1.789017
3.955999 1.460999 0.472000
2.441154 18.315536 -1.614846
1.042000 3.606001 0.357000
0.414321 16.230036 -1.415571
1.003000 3.154000 0.324000
-1.425056 15.698444 -1.370917
1.291000 3.985999 0.416000
-10.884555 11.675971 -2.029287
3.025000 2.512000 0.723000
2.874250 18.415335 -1.912667
0.622000 3.552999 0.474000
2.338470 18.294413 -1.886294
0.799000 3.667000 0.507000
-7.586092 12.196313 -1.808647
2.518000 2.993000 0.782000
2.006400 15.754000 -2.002400
0.477000 3.139999 0.312000
