-2.706025 -4.340889 -1.749498
2.268000 3.308000 1.261000
-0.984708 -4.690134 -1.717987
3.612000 2.522000 0.307000
-49.415997 8.508600 -2.290900
1.777000 0.868000 1.236000
-53.094696 14.164450 -2.155200
1.184998 1.528999 0.650000
-11.878666 17.700998 -0.841167
1.514999 2.115000 0.342000
-58.724155 14.039231 -1.616539
3.583000 2.480000 0.398000
-10.953814 17.393688 -0.614375
1.117000 1.476000 0.378000
0.338987 -9.245254 -0.793013
0.136000 0.669000 1.227000
41.474499 12.133750 -0.867625
4.469002 0.291000 0.312000
1.025449 17.891083 -0.360878
1.037000 2.018999 0.424000
12.775498 -10.876261 -0.515652
0.720000 0.289000 0.815000
-66.889145 14.668003 -0.784519
2.789001 1.519000 1.724000
31.578661 18.476883 -0.580690
0.998001 1.143999 1.336000
52.274200 15.998100 -0.032300
0.322998 0.430000 0.939000
56.406887 2.488223 -0.095194
1.768002 1.964000 0.984000
19.799826 13.044521 0.083043
0.656000 0.235001 0.574000
-2.208489 23.322311 0.616578
1.280000 1.156000 0.854000
19.114965 19.201698 0.379833
3.622000 3.024000 1.523000
22.522892 18.329519 0.923370
1.472000 0.869999 0.706000
19.690607 12.646285 0.816500
0.294001 1.097000 0.444000
33.836090 20.003456 1.110909
0.245998 0.141001 0.938000
36.333344 13.206816 0.036000
3.265003 1.700001 2.328000
-55.382801 -19.313801 2.000533
3.530998 2.233000 0.738000
-47.994770 -14.470770 1.567769
4.618999 2.009000 0.693000
-42.467995 -11.096000 1.249281
1.639999 1.092000 1.090000
-78.045235 16.765230 0.634308
0.857002 1.306000 1.341000
-49.240314 -9.242499 1.383937
1.026001 1.215000 0.944000
-44.784924 -9.816622 1.044681
3.889999 1.774000 1.421000
-27.685381 -15.885046 1.102381
3.515001 1.835999 0.447000
-16.129044 -14.846477 0.831522
2.396000 1.870001 0.329000
23.975304 -2.108531 0.374245
0.503000 0.560000 1.751000
64.592834 -3.226222 0.795889
1.703999 2.264000 3.571000
-26.776997 17.609701 1.003900
0.066000 0.486000 0.604000
-62.717030 13.968514 1.933027
3.705002 2.825000 1.587000
-46.187504 -13.429937 0.953437
3.867001 1.743000 0.864000
12.736688 -10.851439 0.104625
0.630000 0.228000 0.497000
46.084602 -14.603600 1.424500
4.566002 1.158999 0.333000
-7.118344 22.183174 0.412172
1.141000 2.848999 0.756000
-12.553666 33.101002 0.815000
1.006000 1.097000 0.470000
32.725693 34.585926 0.635846
0.610001 0.425999 0.577000
-12.582938 33.887123 0.208939
2.133000 3.697002 0.673000
10.153683 17.104643 -1.198468
1.943999 1.680000 0.826000
-29.353460 8.801772 -1.674943
4.281000 1.547999 1.115000
-39.266861 9.158931 -2.304479
2.883999 1.740001 1.322000
-24.665026 8.889764 -1.930372
3.854000 2.366000 1.436000
-44.012272 8.224000 -2.568182
2.460999 0.648000 0.843000
11.385563 15.988846 -1.232125
3.663000 3.370000 0.474000
7.801628 16.103798 -1.131460
4.227000 4.150001 0.660000
17.849525 11.842614 -1.571376
3.280001 1.204000 0.431000
5.187056 15.010836 -1.065055
1.615000 3.695001 0.304000
-5.447179 8.715946 -1.416951
4.864000 2.359000 1.461000
-7.842892 -11.008218 -1.469218
2.214000 2.625999 0.306000
1.784756 -11.083725 -1.310378
1.695000 2.727000 0.310000
-4.598250 10.415038 -2.037288
1.456000 2.363000 0.415000
