-5.309415 9.720605 -0.877354
1.275000 1.500000 0.431000
-1.680176 15.399941 -1.059824
0.548000 1.976000 0.306000
-3.893034 8.439843 -1.417268
3.866000 2.656000 1.626000
-0.669065 16.874453 -1.460323
0.393000 4.026000 1.008000
4.605893 8.475343 -1.160077
4.235000 2.105000 1.369000
-44.430832 6.488333 -2.017000
3.805000 1.036000 0.559000
-44.681698 -13.731000 -2.065100
4.534000 0.477000 0.479000
-12.163537 16.328365 -0.714122
2.435000 2.362000 0.450000
29.210789 8.252238 -1.161357
1.473000 1.407001 0.792000
-10.683497 16.072165 -0.660963
2.976000 3.118001 0.393000
-6.029046 17.277092 -0.389773
0.956000 2.465000 0.302000
33.999786 7.416086 -1.147196
3.632999 1.534000 0.964000
-37.987381 13.712715 0.500476
0.342999 0.588000 1.490000
0.266320 15.464439 0.122880
0.199000 0.212999 0.734000
-72.417305 12.915201 1.801600
2.063995 1.453000 1.801000
-29.084904 14.499201 1.016900
0.393000 0.227000 0.604000
-16.596262 19.174448 0.460579
2.553000 3.378000 1.294000
-13.841428 -9.531500 0.690857
3.459999 2.495999 0.313000
-70.388374 -30.873274 2.343091
1.333000 1.717001 0.846000
-67.646545 -21.183001 2.278846
2.275002 1.601000 0.850000
-12.458973 -9.397468 -0.339650
1.714999 1.657001 2.408000
8.416441 -10.265644 -0.337873
1.126000 0.869000 1.912000
8.546726 -10.786498 0.424318
0.166000 0.193000 0.490000
12.886742 -10.434565 -0.272659
0.870000 0.698001 1.991000
15.131012 -9.588271 -0.134256
1.260000 1.304000 2.041000
66.556625 -9.424153 0.870904
1.750000 2.145000 2.837000
77.006264 9.864467 2.050267
2.431999 1.364000 2.446000
66.469856 10.375380 0.875286
0.708000 1.103000 2.823000
56.387005 11.169334 1.549667
0.244999 0.308000 1.369000
28.718002 15.098915 0.121750
0.165998 0.237000 0.785000
-55.533092 9.234908 0.207273
0.379002 0.989000 0.623000
54.044811 7.228313 -0.681688
1.601997 1.362000 0.715000
21.360569 9.125525 -0.357095
2.920000 1.362000 0.482000
10.841214 8.466501 -1.051939
3.849000 1.903000 1.660000
9.491000 9.400142 -1.317428
0.118000 0.198999 0.393000
13.042999 9.417500 -1.775800
2.081000 1.430000 0.302000
-13.899863 9.366967 -2.125100
2.787000 1.785000 0.516000
-2.250719 -3.886727 -1.768285
2.100000 2.906000 1.302000
