-3.378555 3.311333 -1.794467
2.547000 2.454000 1.193000
-56.617252 14.031063 -2.237313
1.319000 1.899000 0.694000
16.787846 17.263693 -1.096462
1.090000 0.590000 0.419000
-45.804039 14.179120 -1.802040
2.761002 1.637000 0.693000
-16.646290 17.082609 -0.997322
2.308999 1.502001 0.641000
-2.719231 -9.316978 -0.801085
0.457000 0.309000 1.079000
41.303402 20.095001 -1.161500
1.579998 0.848001 0.550000
35.815331 12.191811 -0.991143
3.703999 0.677999 0.645000
12.487858 -10.842649 -0.450070
0.953000 0.334000 0.689000
28.384537 18.494654 -0.673095
0.767000 0.951000 1.435000
16.625078 28.158232 -0.112692
0.621000 0.475000 0.407000
16.583715 13.119857 -0.035857
0.458000 0.148000 0.520000
48.381371 18.660728 -0.095545
0.438999 0.319000 0.893000
49.061699 16.211599 -0.019600
0.318001 0.582000 0.889000
53.243324 2.597383 -0.099706
1.341999 2.197000 0.924000
-6.551536 23.294292 0.829911
1.769000 3.957001 0.493000
-5.572129 23.330290 0.629548
0.683000 1.340000 0.590000
16.483232 17.803108 0.719969
1.580999 1.149000 0.891000
19.209372 18.427853 0.884704
0.937000 0.858999 0.650000
16.561792 13.148458 0.756167
0.410999 0.283999 0.509000
33.291946 13.338900 0.026200
1.954002 1.016000 2.160000
42.949203 13.319600 1.025200
0.392998 0.470000 1.593000
-30.954239 -15.892048 1.041191
3.514000 1.823000 0.721000
-57.859665 -18.636202 2.021934
4.245998 3.914000 0.788000
-51.212620 -14.689692 1.656154
4.799000 2.009001 0.726000
-32.633640 8.506819 -2.153182
3.421000 1.050000 1.407000
-52.181583 -9.453683 1.365895
3.937000 0.821000 1.311000
-46.829506 -10.625884 1.059541
3.902000 3.442000 1.479000
-17.309061 -14.639377 0.859500
2.698999 1.198999 0.325000
-15.565334 -14.846732 0.816600
2.609000 2.313999 0.342000
-14.413000 -14.775466 0.790536
2.739000 2.639999 0.344000
20.796295 -2.025314 0.339863
0.505001 0.551000 1.515000
66.042831 -2.712558 0.957231
1.599998 2.078000 2.795000
-16.705156 30.571253 1.122469
1.086000 1.685001 0.666000
-36.927925 15.491616 1.103077
0.282001 0.393001 0.954000
-57.987080 14.729417 1.961667
2.344002 0.732000 0.636000
-49.764805 -10.059500 1.487100
4.810001 1.244000 0.363000
-49.667381 -13.906381 0.940857
3.956001 2.068999 1.246000
12.276710 -10.786683 0.163763
0.712000 0.299001 0.483000
28.437735 -11.136230 0.195115
1.309999 0.409000 0.898000
53.848389 13.145077 0.159692
1.904999 0.823000 1.282000
-7.232781 25.147842 0.139812
1.085000 4.266001 0.659000
-27.821772 8.709878 -2.026638
3.786999 2.625000 1.432000
7.241389 17.243944 -1.153556
1.418000 1.546999 0.571000
5.784956 16.297894 -1.355876
3.219000 4.158999 0.896000
7.959695 16.923779 -1.330833
1.113000 1.557001 0.464000
4.307749 16.027626 -1.192750
1.624000 3.778999 0.420000
6.783297 17.105036 -1.435074
0.971000 1.620001 0.480000
6.632783 18.197088 -1.504609
1.814000 3.530001 0.445000
5.614322 18.149143 -1.464214
1.692000 3.632000 0.541000
3.027545 15.834183 -1.197242
1.499000 3.722000 0.352000
0.118808 16.085901 -1.273231
1.935000 3.407001 0.415000
-8.423452 8.746862 -1.493050
4.643000 2.126000 1.348000
0.254600 18.948101 -1.540700
0.551000 4.557001 0.418000
-7.930963 15.527556 -1.664148
2.726000 4.990000 0.539000
-4.520563 -12.946970 -1.325406
2.509000 4.011000 0.443000
-2.830026 -11.200474 -1.350790
1.353000 2.773000 0.307000
2.567877 -11.282605 -1.294111
1.246000 2.458000 0.324000
