-3.646740 -4.373053 -1.833223
3.696000 3.382000 1.406000
-43.607708 8.140059 -2.016941
2.068001 0.797000 0.593000
-36.540222 8.084828 -2.199429
2.830002 1.726000 1.077000
5.442234 8.774561 -1.137304
4.565000 2.434000 1.406000
-39.424088 7.671428 -2.393524
0.724998 1.743000 1.241000
-32.282738 8.387434 -1.964800
2.924999 0.743000 1.430000
-27.316767 9.009633 -1.782757
3.763000 1.823000 1.640000
-0.427882 19.831648 -0.797882
0.493000 2.476999 0.354000
-35.200001 -10.405533 -1.718134
2.208000 1.017000 0.970000
16.676716 16.219986 -0.831729
4.918000 3.084999 0.450000
29.884613 12.395346 -0.936654
3.070000 0.689000 0.300000
19.666117 -11.551924 -0.922000
1.566000 0.580000 0.553000
-61.300652 7.237049 -2.048750
1.163998 1.307000 1.141000
-62.352802 12.672500 -1.605100
1.244999 0.804000 0.381000
0.243314 19.114857 -0.732943
0.428000 3.902000 0.663000
-16.440365 16.419182 -0.530091
1.890999 1.907000 0.372000
67.765556 2.437138 -0.187138
1.254997 2.421000 1.171000
34.092369 -10.809157 -0.064158
0.828999 0.352000 0.861000
-35.403999 -10.677273 0.146727
2.222000 1.009000 0.416000
9.803122 23.456060 0.887242
1.965000 2.767000 0.477000
32.127155 20.092075 1.333615
2.340000 1.657999 0.484000
31.720453 17.846548 1.127645
1.889000 0.821001 0.881000
33.916573 18.205502 1.345571
2.863003 1.590000 0.459000
45.865398 20.250134 1.505067
1.737000 1.189999 1.236000
31.752947 12.881048 0.973902
0.604000 1.287001 1.230000
61.333755 13.357417 2.196916
4.402000 1.063999 0.403000
35.982891 -1.996500 1.023389
0.545998 0.577000 0.852000
37.169998 -14.530000 1.422000
2.264999 0.695999 0.326000
-30.068707 -17.135046 0.986070
4.254002 2.759000 1.257000
-42.574818 -18.283363 1.699909
4.110001 2.721998 0.434000
-30.240786 -11.203499 1.135357
1.286999 1.326000 0.362000
-33.329266 -9.701024 0.099976
3.063000 1.754000 3.621000
-37.340912 -9.438999 1.142364
0.714001 0.436001 0.715000
-1.357254 18.756237 0.407925
1.239000 3.243999 0.906000
-50.652184 14.344126 1.739375
1.101002 0.973001 0.603000
-61.125183 -12.465272 1.132455
4.119999 0.960000 0.872000
-21.465427 15.609573 0.253643
1.587999 1.083000 0.782000
16.212528 -10.790538 -0.462859
1.279000 0.467000 1.424000
-10.412818 47.666271 -2.674000
0.679001 2.273998 0.394000
-12.806138 8.732001 -1.475942
3.884000 1.591001 1.454000
12.596167 12.212331 -1.204214
1.231000 0.972000 0.560000
10.401278 11.788556 -0.940444
4.259000 4.480000 0.341000
-20.122478 8.386560 -1.986600
0.924999 0.558000 0.887000
11.079141 11.613674 -1.572186
3.915000 3.333000 0.516000
8.856000 9.982934 -1.731133
1.657000 1.640000 0.340000
