-11.806999 -13.288899 -1.328000
2.792000 3.259000 0.460000
-12.838946 8.457405 -1.502043
3.996000 1.640000 1.371000
2.517608 9.579527 -0.893284
0.547000 1.695001 0.557000
9.534300 16.827200 -1.202200
2.355999 3.841000 0.538000
3.472507 9.741261 -0.733603
0.710000 0.592999 0.559000
4.397986 9.800918 -0.674625
1.339000 1.658999 0.501000
-21.737171 8.302058 -1.792384
3.514999 1.903000 1.438000
2.529481 8.441809 -1.268699
4.239000 1.549000 1.709000
9.203895 14.791842 -0.783368
1.164000 1.679000 0.540000
11.432429 8.705278 -1.181890
3.913000 1.735001 1.480000
17.879335 9.428393 -0.693818
2.139000 1.399000 0.303000
-30.177765 7.866853 -1.474421
4.347000 1.894000 2.070000
-24.354849 17.642698 1.058950
2.660000 2.442999 0.426000
-1.296302 15.586284 -0.197415
0.153000 0.200001 1.884000
9.814784 15.688787 0.612286
0.212000 0.108999 0.441000
-39.403500 -18.569317 1.422046
3.747997 1.897999 0.580000
-30.482267 -10.355218 0.290422
3.152000 1.900000 3.110000
8.994272 15.580274 -1.423182
2.441000 3.919001 0.475000
-46.679909 -19.172455 1.661000
0.834999 0.643000 0.554000
-24.917183 -17.810682 1.152091
4.058998 3.310999 0.353000
-9.664869 -10.371098 -0.508354
1.359000 1.233001 2.174000
-9.396846 -10.153270 0.330885
0.151000 0.186000 0.666000
-5.169367 -10.372910 -0.421130
0.996000 0.573000 1.947000
-2.872476 -9.245427 -0.237083
1.380000 0.905999 1.871000
67.273331 -2.861667 0.688333
1.120003 0.631000 3.225000
57.522755 12.285966 0.684552
3.206001 1.336000 2.855000
-24.344767 17.637333 0.172267
2.778000 2.500999 0.755000
75.640381 17.775230 0.311769
2.682999 2.135000 0.373000
8.991941 19.029587 -0.152824
1.201000 2.368999 0.430000
8.928357 19.960571 -0.159000
1.455999 3.016001 0.444000
35.542507 8.858534 -0.861667
2.307999 1.618000 1.374000
37.388496 12.661463 -0.607308
2.709000 1.014000 0.709000
-56.397079 17.535166 -0.723583
3.723999 1.426001 1.135000
-2.972391 21.056738 -0.446826
0.972000 4.482000 0.500000
-3.618400 21.597549 -0.437150
0.999000 4.439999 0.500000
-1.868654 8.437627 -1.405913
3.618000 1.876000 1.384000
-25.226334 8.524750 -2.415583
4.722000 1.495000 0.486000
5.365562 9.970688 -1.937312
1.074000 1.707000 0.417000
3.729280 9.631040 -1.996360
1.115000 1.564000 0.349000
2.354492 9.330051 -2.016915
1.560000 1.703000 0.369000
-2.570744 9.603637 -2.084284
1.723000 1.391999 0.312000
