4.626600 0.808400 -1.598100
2.544000 0.441000 0.783000
-2.651407 -4.250956 -1.773809
2.280000 3.324000 1.283000
-29.944769 8.802636 -1.683273
2.612000 1.032001 1.077000
-12.503454 17.764729 -0.889636
1.435000 1.900999 0.307000
19.531635 17.389727 -0.941909
1.251999 0.764000 0.312000
-48.226334 -10.547917 -1.983500
2.681000 1.145000 0.898000
-58.905033 14.152565 -1.640000
4.379997 2.356000 0.384000
30.195976 12.732999 -1.230102
4.206999 2.960000 1.105000
-1.419621 19.167759 -0.415700
4.823000 3.684000 0.826000
30.896635 18.503002 -0.506927
0.674999 1.063000 0.870000
51.561459 16.042547 -0.076636
0.473999 0.577000 0.929000
55.754292 2.461133 -0.092433
1.421001 1.853000 0.969000
-4.821072 21.936644 0.848000
0.711000 2.382999 0.323000
-2.748565 23.321018 0.563391
1.256000 1.366999 0.992000
21.743481 18.349001 0.919222
1.006001 0.735001 0.686000
19.130650 13.070676 0.417225
0.635000 0.445000 1.403000
31.324228 13.206972 0.729400
0.396000 0.766000 1.634000
35.658562 13.237486 -0.048892
3.076000 1.433000 2.288000
-46.608700 -13.436734 1.273533
3.785999 1.975000 1.195000
-70.640495 -10.766286 2.343357
1.193001 1.386000 0.821000
-49.339634 -9.411547 1.449182
4.197998 1.082000 1.215000
-0.291108 -9.240721 -0.606964
0.178000 0.864000 1.972000
68.601921 -13.020000 2.458917
2.038002 1.549000 0.472000
23.318268 -2.094490 0.382429
0.500000 0.519000 1.704000
64.884773 -3.082527 0.937527
1.614998 2.181000 3.581000
45.423901 13.152068 0.603276
1.430000 0.619000 2.585000
-6.391638 13.013334 -0.330128
1.976000 3.600000 1.988000
-10.848624 18.734188 0.726844
1.283000 1.938000 0.448000
-55.797913 14.859546 2.003182
2.630001 0.382000 0.684000
29.186827 -11.184942 0.039400
2.210001 0.485000 1.301000
31.970751 34.676250 0.729500
0.569000 0.345001 0.571000
12.704931 -10.881091 -0.359667
1.300000 0.382000 1.141000
-25.129690 8.843879 -1.798907
3.578999 1.625000 1.332000
7.492395 16.087799 -1.192624
4.405000 4.545000 0.825000
-1.739417 18.574251 -1.074333
0.490000 3.445000 0.412000
17.274332 11.881113 -1.580320
2.936999 0.752000 0.418000
9.468077 18.414309 -1.452923
1.938000 3.447001 0.555000
3.101788 16.101078 -1.155712
1.882000 3.412000 0.467000
-7.120246 8.681371 -1.331000
3.732000 1.298000 1.461000
10.359101 15.966800 -1.345900
2.527000 3.209001 0.321000
3.823909 18.822729 -1.480727
1.238000 4.296999 0.494000
-4.549082 12.365396 -1.439959
1.942000 1.384000 0.741000
-1.015375 12.428343 -1.455602
2.227000 2.143001 0.669000
-2.980372 12.791091 -1.376925
1.463000 1.780000 0.384000
-20.723501 16.691727 -2.577591
1.459000 3.293000 0.334000
-17.476360 15.758641 -2.410800
2.604000 2.535000 0.389000
-6.740863 -10.745591 -1.425500
1.638000 2.344000 0.306000
-5.200497 10.974047 -1.913275
1.354000 3.546000 0.736000
0.823432 -10.826946 -1.325324
0.523000 2.463000 0.309000
-5.080648 8.744818 -1.608793
1.732000 1.859000 0.778000
