-16.385384 -11.322693 -1.287308
0.978001 0.363999 0.314000
-8.626238 8.769965 -1.470781
3.727000 3.037000 1.462000
0.207933 17.365068 -0.919200
0.307000 2.958000 0.389000
1.004256 15.318822 -1.153094
1.278000 1.690001 1.411000
-37.821003 13.923878 -2.035939
1.972000 1.669001 1.157000
-60.275112 13.392831 -2.672389
0.719002 2.202001 1.154000
-61.231613 11.089846 -2.089846
0.924999 0.467000 1.491000
30.357077 7.837719 -1.404860
2.065001 1.573000 1.143000
-4.498001 23.857132 -0.687600
1.840000 4.282000 0.732000
-34.529728 27.175182 -0.659545
3.623001 4.297998 0.335000
-2.068231 20.762615 -0.597692
0.248000 0.457001 0.632000
-0.508720 15.529401 0.058160
0.121000 0.132000 0.840000
74.674667 -12.920999 0.646290
1.668999 2.059000 2.706000
-18.025562 12.468875 0.658687
0.531000 0.318000 0.680000
-32.921005 24.536800 1.468500
2.262997 2.197001 0.347000
43.524525 -12.423052 0.814857
2.001999 1.832999 2.507000
22.921356 -9.643088 0.063045
2.347000 1.084000 2.334000
17.595594 -9.906015 0.029270
2.531000 1.454000 1.955000
15.114117 -9.667769 0.708462
0.657001 0.292001 0.346000
-44.490669 14.682867 -1.072200
4.466003 1.443000 1.693000
11.887469 15.549589 -1.266118
2.285000 2.546000 0.429000
76.501457 8.920545 1.264909
1.404999 1.782001 2.749000
33.119320 17.211357 0.884607
2.982000 1.964999 1.358000
21.138918 19.026520 0.750160
3.162001 3.212000 0.954000
4.835375 19.605469 0.208750
0.152000 0.125999 1.335000
-6.298234 15.636147 0.388447
0.442000 0.456000 0.930000
-18.438049 28.658346 0.423905
1.507999 1.532001 2.882000
-71.975464 28.057924 1.607692
0.074997 1.734001 0.590000
8.205334 15.482500 -0.059278
0.192000 0.448999 0.619000
-36.270939 16.270189 -0.411733
0.479000 2.037001 3.052000
-32.402416 31.857500 0.411667
4.918001 4.784000 0.551000
-23.358376 19.542688 0.084562
0.743000 0.255999 0.526000
23.043520 8.261677 -0.813652
4.875000 2.088000 1.926000
13.959899 16.018860 -0.186354
2.109000 2.797000 0.664000
-24.426401 62.952301 0.025600
0.362999 1.062000 0.751000
-40.781277 13.787344 -0.781517
0.579998 0.667999 2.316000
24.169476 16.152679 -0.996986
3.337000 2.556001 1.525000
-2.183815 22.120150 -0.286704
1.019000 2.299999 0.734000
-13.047922 8.531689 -1.550216
4.655000 1.825000 1.356000
-34.430099 17.252699 -2.394300
1.108002 0.520000 0.327000
-2.590762 8.713979 -1.387713
3.533000 2.476000 1.337000
0.604444 17.383480 -1.596407
0.659000 3.044000 0.430000
3.300977 19.820667 -2.032467
2.957000 4.770000 0.442000
-9.752133 13.036067 -1.996533
2.755000 3.912001 0.616000
-1.128120 13.029279 -1.952000
0.897000 3.599999 0.572000
-8.695933 9.866132 -2.093000
1.123000 1.723000 0.323000
