-2,206908 -3,959401 -1,744689
1,871000 2,768000 1,191000

-0,090483 -4,716398 -1,656708
4,519000 1,975000 0,342000

-12,431600 -14,111466 -1,175333
1,002999 0,229000 0,384000

-15,188644 8,627764 -1,558754
3,450999 1,905000 1,437000

-19,129150 8,367361 -1,656585
2,528999 1,346000 1,364000

-5,488302 16,057472 -1,214195
1,490000 3,190999 1,426000

2,284786 15,307643 -0,813500
0,313000 1,555001 0,523000

-44,604084 13,237084 -2,204375
2,375999 1,541000 0,999000

-20,166000 17,308628 -1,067125
3,505001 4,487000 0,445000

-7,251856 15,515237 -0,868381
0,115000 0,181000 0,814000

-11,363999 -14,185999 -0,523182
0,460000 0,077001 0,329000

4,724362 14,606656 -1,156485
2,797000 3,331999 1,617000

39,768158 6,857263 -1,268368
1,568001 0,934000 0,923000

-24,858177 12,152823 0,583235
0,493000 0,620000 0,547000

-37,032871 32,159264 1,436467
4,792999 4,433001 0,394000

72,897659 -12,593712 0,547543
1,669998 2,086000 2,644000

-42,195000 19,868301 1,728600
4,440998 1,999001 0,425000

-41,635132 25,392733 1,330467
4,677002 2,933001 1,225000

16,652763 -9,405763 -0,271739
1,138000 0,579000 2,058000

11,045878 -9,708416 -0,202623
2,355000 1,441000 1,938000

8,371825 15,527174 -0,128696
0,418000 0,663000 0,836000

-31,940784 -15,390500 1,297714
4,636000 2,197000 0,380000

8,369809 -9,552286 0,505286
0,184999 0,296000 0,308000

36,950047 -11,871567 0,609671
1,779003 1,987000 2,568000

69,569214 9,775893 0,796679
2,688995 1,618000 2,948000

25,991934 17,611500 0,808900
3,122002 2,496000 1,024000

8,408400 15,549101 0,612900
0,156000 0,113000 0,330000

4,671333 22,386274 0,566889
0,415000 2,681000 0,821000

4,977067 24,700268 0,616400
0,345000 2,279001 0,893000

5,356947 27,611629 0,660158
0,494000 3,377001 1,026000

5,833188 31,312246 0,762938
0,377000 2,845001 1,175000

-6,429143 21,952036 0,780571
1,452000 4,341999 0,396000

-7,305500 15,433200 0,574900
0,185000 0,147000 0,528000

16,587238 8,501984 -0,742148
4,381001 1,928000 2,113000

7,184492 16,116428 -0,204131
1,399000 1,865000 0,772000

-43,170616 15,698729 -0,542841
0,419998 2,137000 3,050000

41,831165 -12,441417 -0,412667
0,442001 0,407000 1,071000

-64,631210 25,816252 -0,943458
3,939003 1,597000 2,624000

22,298727 15,602425 -0,321273
4,414000 2,440001 0,396000

17,215839 16,390165 -0,915069
3,153001 2,891000 1,619000

6,559779 16,426226 -0,305889
1,138000 2,575000 0,443000

-12,323558 23,614147 -0,338296
2,501000 4,400999 0,399000

-42,233994 22,865555 -0,629778
3,489998 2,796999 0,924000

33,728039 7,709652 -1,054618
2,659000 2,253000 1,332000

45,324429 12,216047 -0,962524
1,303997 0,799000 0,842000

-9,097166 8,700601 -1,469664
3,639000 2,381000 1,405000

3,887363 16,790274 -1,243455
0,157000 1,141001 0,385000

7,794788 16,226301 -1,672545
2,310000 4,491000 0,674000

3,793143 15,937500 -1,416357
0,231000 1,492001 0,447000

-22,122473 7,803158 -2,065105
0,795000 0,471000 0,587000

15,401001 8,091080 -1,587560
0,679999 0,292000 0,396000

-6,974211 17,121210 -1,663421
1,543000 3,066999 0,447000

-1,169364 15,746637 -1,618818
0,351000 3,287000 0,641000

-20,127333 8,961917 -2,244000
2,737000 1,163000 0,324000

