-12,059669 -14,002080 -1,107077
0,813001 0,172000 0,368000

-17,860256 8,471809 -1,622699
3,396000 1,817000 1,410000

5,859077 21,195463 -0,992231
0,508000 1,719999 0,479000

-43,175854 13,324324 -1,977464
2,271000 0,813000 1,269000

5,998818 22,257456 -0,885000
0,670000 2,768000 0,544000

25,146420 8,192610 -1,413299
1,462000 2,086000 1,184000

-5,910059 15,522821 -0,416353
0,116000 0,158999 0,491000

73,262024 -12,673086 0,572485
1,627998 1,962000 2,657000

-23,514044 12,256435 0,710435
0,448000 0,606000 0,823000

-24,042068 28,365416 0,710750
1,552999 1,657000 2,052000

-33,742470 43,059704 1,758176
1,240997 2,813000 0,668000

-11,759698 15,534348 0,412232
0,429000 0,460999 1,179000

-5,986818 15,451818 0,596364
0,167000 0,089999 0,394000

-5,143389 22,684387 0,795444
1,186000 4,922001 0,392000

2,792350 15,482150 0,161925
0,360000 1,127000 1,198000

7,304895 31,611576 0,743474
0,416000 2,688999 1,185000

6,989882 29,249882 0,692882
0,363000 2,236000 1,056000

17,848406 -9,430758 -0,200152
1,972000 1,003000 2,223000

12,345205 -9,761271 -0,183894
2,572001 1,662001 1,950000

9,691059 -9,573413 0,539529
0,312000 0,249000 0,329000

-29,864000 -14,890000 1,227200
4,611000 2,213001 0,372000

38,293903 -11,927045 0,730957
1,954002 2,305000 2,443000

27,277195 17,458771 0,905943
3,117001 2,471001 1,057000

5,919250 21,305561 0,549875
0,160000 0,971001 0,785000

6,083158 22,538210 0,584211
0,208000 1,370001 0,839000

6,275353 23,969765 0,618412
0,204000 1,199001 0,899000

6,489118 25,520002 0,633941
0,214000 1,344000 0,946000

6,718472 27,233822 0,614235
0,300000 1,843000 1,000000

-55,469822 -10,406728 0,045182
0,249001 0,191000 2,666000

-41,789600 15,835594 -0,368357
0,396999 2,141999 3,195000

9,764572 15,536382 -0,141048
0,197000 0,124000 0,768000

8,386088 16,164970 -0,212439
2,247000 2,585999 0,788000

23,337202 15,253514 -0,339657
4,914999 2,608000 0,588000

6,321091 24,137457 -0,765909
0,244000 1,403999 1,235000

-10,662556 23,559641 -0,330000
2,575001 4,868000 0,394000

34,785809 7,614124 -1,130316
2,495003 1,677999 1,326000

47,345577 11,940917 -0,937708
3,292999 0,844999 0,865000

-13,906601 8,631157 -1,528449
3,482999 1,820000 1,393000

-7,697162 8,834928 -1,512584
4,285000 2,589001 1,466000

5,410238 17,673950 -1,436476
0,375000 1,546000 0,582000

6,354546 24,256269 -1,872273
0,194000 1,371000 0,570000

-19,775400 8,269534 -2,081867
1,584999 0,689000 0,733000

8,129923 16,167307 -1,420462
1,844000 3,188001 0,428000

-20,860798 7,931800 -1,936867
0,974001 0,455000 0,513000

7,265500 15,874820 -1,549318
1,588000 2,518001 0,474000

8,948199 15,975200 -1,629400
2,301000 3,473001 0,408000

7,398749 14,622188 -1,518375
0,270000 0,740000 0,337000

6,480834 15,813416 -1,614250
1,111000 2,437000 0,475000

-1,566931 14,406140 -1,419690
0,352000 0,480000 0,370000

