-3,116553 8,463169 -1,367869
4,068000 1,653000 1,382000

-0,892227 15,556998 -1,318773
0,197000 0,129001 0,490000

-19,979036 -14,501104 -1,547483
4,715000 3,785000 0,323000

0,074684 14,155107 -1,483275
3,546000 1,251000 1,203000

-12,214726 -15,921002 -1,325196
1,844999 0,684999 0,387000

-11,522074 8,507458 -1,531862
4,239000 2,344000 1,653000

7,745930 8,576491 -1,256646
3,438000 2,399000 1,432000

3,128298 8,485568 -1,210125
3,741000 2,328001 1,607000

-51,119892 -14,845832 -2,093389
4,508999 1,322001 0,498000

-19,608400 15,733468 -0,740533
3,686001 2,768999 0,459000

-10,149342 15,689511 -0,468745
2,253000 1,725000 0,348000

0,057154 21,179770 -0,632538
0,362000 4,336000 0,424000

12,704658 9,510527 -0,575211
1,346000 1,474000 0,430000

-19,872902 8,419709 -1,311579
4,476000 2,045000 2,068000

56,690083 -12,637834 0,320833
0,750999 0,362000 1,348000

-46,164669 11,725801 1,689400
3,245998 1,111000 0,604000

-38,081165 14,317332 1,477833
2,218002 1,395000 0,338000

-25,754784 18,862432 0,483865
2,724001 2,400000 1,559000

-13,596269 18,998999 0,588846
2,602000 3,857000 0,886000

-0,939868 15,516964 -0,152302
0,219000 0,212000 1,688000

0,485892 -10,180672 -0,424797
0,825000 0,846001 1,798000

-0,041039 -10,339503 -0,026598
0,369000 0,228000 1,069000

-23,830790 -9,798249 0,888667
3,341000 1,488999 0,507000

-22,559000 -9,895364 0,873182
3,002998 1,467999 0,361000

-20,557463 -9,719688 -0,041097
2,835001 1,823000 2,768000

4,868289 -10,276827 -0,427540
0,957000 0,876000 1,881000

7,061520 -9,312110 -0,223750
1,993000 2,128000 2,097000

53,717400 -10,794299 1,107100
0,304001 0,226001 2,284000

65,067032 -8,683311 0,942120
2,183998 2,150000 2,772000

68,366249 10,908427 1,165238
1,124001 1,477000 3,346000

58,142448 11,428551 0,930000
0,884003 0,672000 2,483000

69,263916 14,445002 0,026545
3,119003 0,460999 0,789000

48,118267 11,949800 -0,304600
1,356998 1,110000 0,630000

-10,642638 -16,041523 -0,209480
0,778000 0,309001 0,356000

-7,989077 15,353191 -0,478615
1,123000 1,929000 0,635000

-7,006934 -16,069336 -0,425133
0,259000 0,078001 0,324000

46,341934 8,174484 -1,063485
3,362000 1,816999 0,616000

21,494646 8,448315 -1,195667
3,883999 2,185000 1,282000

4,781381 17,451761 -0,424000
0,555000 2,832001 0,346000

-3,042933 9,436110 -1,009667
0,611000 1,412999 0,319000

-4,002934 9,805132 -1,051100
0,400000 0,214000 0,415000

-0,404357 16,958263 -1,615095
0,845000 3,392001 0,528000

13,248335 8,971132 -1,847267
2,046000 1,364000 0,307000

9,895066 9,433667 -1,897133
1,767000 1,779000 0,371000

-1,275545 12,633475 -1,943955
0,885000 3,590000 0,567000

1,710333 9,209156 -1,909711
0,744000 1,539000 0,323000

3,914094 -3,645833 -1,640130
4,096000 1,705000 0,351000

0,152855 -5,321058 -1,608806
4,923000 1,397000 0,332000

-2,606609 -4,279925 -1,719567
3,177000 4,385000 1,207000

