4,960818 9,805545 -1,884091
1,128000 1,775000 0,370000

-13,731167 17,245916 -0,666833
2,631001 2,944000 0,419000

-11,405267 17,455534 -0,579733
1,969000 2,937000 0,375000

16,093801 34,341999 -1,110133
1,662001 2,479000 0,732000

-41,885799 12,960100 -0,997500
0,535999 0,422000 0,483000

-26,219950 17,208668 -0,911143
4,511000 2,573000 0,969000

-10,027783 15,495214 -0,686811
0,770000 0,162000 0,677000

-45,265358 -10,944074 -1,029786
0,814003 0,545000 0,831000

-8,275099 21,237101 -0,340200
0,149000 0,077000 0,411000

-7,322153 20,228922 -0,297154
1,466000 3,264000 0,456000

4,653478 20,727610 -0,154783
1,262000 4,157999 0,447000

-26,148232 17,156767 -0,011769
4,501999 2,583001 0,419000

-3,412677 14,675159 -0,257694
1,081000 1,245000 0,636000

-5,195960 15,696881 0,408160
0,218000 0,158000 0,695000

15,525792 34,925415 1,321667
1,897001 2,946003 0,505000

17,121399 31,837172 0,139457
1,327999 1,685999 2,186000

47,911213 18,250895 1,707579
1,456001 1,239000 0,603000

49,513691 18,001696 1,604692
4,700001 1,508001 1,053000

42,535141 13,276241 0,380724
0,954998 0,465000 2,466000

73,596802 18,458200 2,581333
4,445999 2,268000 0,623000

52,095951 -1,797000 0,335696
3,093002 0,743000 3,129000

-17,499310 -9,630198 -0,411757
1,219000 1,264000 2,507000

-20,034925 -10,543769 0,697231
2,828001 1,522000 0,582000

-24,557585 -10,732606 0,139376
2,562000 1,840000 2,884000

-43,703453 -12,571546 1,642091
0,658001 1,131000 0,309000

-45,101856 -11,060859 0,953848
3,313999 2,081000 1,974000

-11,173841 8,637913 -1,373259
4,151999 2,292000 1,699000

-50,203037 -10,771957 1,264042
4,850998 0,894000 1,285000

-27,797028 8,073790 -1,784327
4,113001 2,128000 1,441000

-45,111420 13,942420 1,579000
2,217999 1,220000 0,889000

-45,774029 12,547875 1,532469
2,050999 1,993000 0,914000

48,277813 13,235437 0,588687
0,441002 1,319000 2,441000

59,483009 13,289000 -0,755150
2,511997 2,119000 3,027000

-14,283482 17,728556 0,158111
2,844000 2,957000 0,967000

-51,562321 16,464264 -0,027158
2,745998 1,495001 1,984000

22,796658 -10,761898 -0,047414
0,742001 0,363999 0,895000

42,618668 -10,402944 -0,084944
2,243000 0,407001 1,398000

-36,375500 7,635649 -1,778800
1,107998 1,191000 0,926000

-11,744933 9,374533 -0,823133
2,301001 1,485001 0,393000

-12,614334 9,303266 -0,793333
2,165999 1,431999 0,340000

16,730118 28,125469 -1,815118
2,315000 4,300999 0,681000

-16,166965 8,413989 -1,524753
4,789001 1,742000 1,281000

2,623587 8,582503 -1,337557
3,993000 2,340000 1,373000

-2,118058 8,459581 -1,338409
3,636000 1,604001 1,441000

-14,873893 16,216162 -1,629324
3,743999 3,835001 0,804000

7,966917 -11,941250 -1,121333
0,271000 0,386000 0,317000

-10,672250 15,497169 -1,522750
0,161000 0,163000 0,452000

-7,390308 14,898539 -1,336769
0,780000 1,648000 0,316000

-9,088230 15,541403 -1,776308
1,029000 1,418001 0,648000

2,030895 16,525738 -1,489947
0,511000 2,802001 0,587000

-13,902828 9,354999 -2,231241
2,937000 1,445000 0,382000

