-2,813454 -4,185778 -1,747715
2,420000 3,357000 1,330000

3,093174 9,688391 -1,828869
0,854000 1,898000 0,355000

3,629571 10,210382 -1,847429
0,838000 1,789001 0,373000

-66,241470 7,315230 -2,161231
1,130997 1,225000 1,245000

-55,565796 13,289401 -1,453600
3,454002 0,601000 0,421000

-15,266568 17,759472 -1,286667
1,675001 2,454000 1,454000

-4,566166 17,885832 -0,553000
0,714000 2,018000 0,310000

-65,899597 -10,665701 -2,183200
4,334999 0,388000 1,179000

-16,534067 17,996733 -0,714333
0,546000 0,170000 0,464000

-6,236555 18,203615 -0,494389
0,922000 1,658001 0,380000

-16,173939 32,184811 -0,598687
1,823999 4,471001 0,451000

44,448673 23,825750 -0,989750
0,311001 0,731001 1,215000

-38,879204 -9,680423 -1,040356
0,826000 1,336000 1,969000

-59,574570 14,693204 -0,405568
2,964001 2,023000 1,503000

-15,212666 18,650307 -0,015389
0,082000 1,537001 0,310000

63,697979 2,588714 -0,253800
1,299999 2,835000 1,105000

14,513463 -10,850981 -0,359250
0,951000 0,393000 1,113000

31,995739 -10,950697 -0,159696
1,201000 0,352000 0,998000

0,136778 23,141914 0,684889
0,729000 3,584000 0,721000

0,499167 22,306665 0,857750
0,334000 3,550001 0,348000

1,313833 12,942070 -0,009019
0,643000 4,153000 1,271000

4,180512 23,896605 0,706581
1,355000 4,057001 0,637000

4,870883 23,424330 0,844465
1,112000 1,295000 0,455000

11,228600 45,683601 1,523300
0,636000 4,277000 0,576000

27,650616 20,656384 1,275000
2,894999 2,764000 0,340000

27,897932 19,662731 1,251333
3,078999 2,641001 0,390000

27,000187 17,761452 1,001809
1,608999 1,122000 1,011000

37,495804 21,535667 1,615800
2,292000 2,886999 0,339000

26,911634 12,762789 1,066364
0,714001 1,313001 0,569000

43,234684 13,093105 0,563895
2,143002 0,850000 2,489000

53,432579 13,207923 0,662000
0,737999 0,953000 2,643000

57,219585 13,303166 2,039417
1,493999 1,200999 0,375000

31,151653 -2,104969 0,725875
0,525999 0,566000 1,298000

-35,425610 -11,565000 1,176348
1,794003 1,627000 0,714000

-4,033000 17,530935 -0,706781
0,603000 1,799000 0,404000

-16,619923 16,527693 -0,839077
3,139999 3,177000 0,466000

-41,106998 -9,156250 1,291417
4,004002 0,737000 0,538000

-37,636547 -9,727081 1,030325
3,069000 1,684000 1,411000

-34,928436 -17,218662 1,274524
2,180000 2,065001 0,961000

7,542316 -9,279876 -0,406649
0,506000 0,638000 1,884000

72,322205 -14,052699 2,513900
2,815002 2,021000 0,519000

-55,709049 14,368474 1,925368
2,438999 1,379999 0,697000

-42,288002 -25,825768 1,461846
3,908001 2,651001 0,327000

39,176163 13,187666 0,480444
0,331001 0,332000 1,528000

-6,219749 18,518909 0,224232
1,584000 2,980000 0,596000

-31,682468 9,052079 -1,727180
1,539999 1,641001 1,407000

-37,177540 8,411308 -2,106000
0,879997 1,227000 1,358000

-41,208828 8,445826 -2,121304
3,002998 1,292000 1,218000

12,072869 16,300545 -0,945779
3,565001 3,299999 0,363000

-5,425666 19,889702 -0,981889
1,809000 4,429001 0,466000

-22,121305 8,670106 -1,598758
2,139999 0,726000 1,290000

-17,286100 8,855607 -1,692247
3,476999 2,458000 1,314000

10,683917 17,761583 -1,317417
1,644000 2,671999 0,453000

1,067259 8,690431 -1,269516
4,644000 1,940000 1,386000

-15,190499 21,381918 -1,743833
0,075000 0,288000 0,641000

-24,594683 8,428842 -2,055421
1,756001 0,584000 0,966000

11,536000 -13,188865 -1,208045
4,643001 4,507000 0,413000

1,099308 9,468000 -0,882385
0,273000 1,480000 0,374000

-15,183902 22,624300 -1,996500
0,071000 0,566002 0,360000

-15,173201 20,242199 -1,882600
0,100000 0,592999 0,436000

8,777300 -10,986200 -1,164200
2,475000 3,050000 0,370000

-14,908334 19,012247 -2,221806
1,546000 2,091000 0,764000

9,509286 -11,353999 -1,203643
2,590000 2,591000 0,390000

-20,122999 9,156000 -2,252500
2,867001 1,083000 0,317000

