-2,108113 -3,778732 -1,794062
1,908000 2,910000 1,255000

-2,921364 10,386182 -1,964455
0,477000 1,849000 0,359000

-46,066303 -10,401401 -1,947600
2,250000 1,117000 0,642000

-41,249744 14,119583 -1,359083
2,453999 0,483000 0,370000

-72,549698 7,571700 -2,140100
2,139000 1,403000 0,860000

-62,192303 13,302000 -1,644800
4,607002 0,433000 0,505000

-57,030502 14,466955 -1,440364
2,564003 2,323000 0,358000

31,557041 12,822221 -1,334448
3,389999 3,370000 0,967000

51,310177 32,861088 -1,467000
2,549999 1,776997 0,728000

13,102939 -10,941508 -0,546934
0,951000 0,287000 0,830000

32,951439 18,415073 -0,549404
0,667000 1,051001 0,913000

1,677061 -9,189052 -0,861408
0,265000 0,783000 1,408000

-44,566090 -9,682274 -1,240242
2,795998 1,449000 2,224000

50,387695 20,346539 -0,079923
4,064003 1,268002 0,938000

57,971462 2,377156 -0,143562
3,205997 1,601000 1,029000

-4,945726 21,644297 0,738726
2,295000 3,272999 0,581000

-0,877906 23,384302 0,692547
1,254000 1,133001 0,848000

21,878668 21,076584 1,172417
2,287001 2,846001 0,300000

21,983841 19,443893 1,078474
3,110001 3,109001 0,572000

23,913397 18,363865 0,934433
1,393000 0,875000 0,724000

47,895653 33,409302 1,517700
1,085003 1,198002 1,111000

32,852386 21,878386 1,340385
3,680000 2,459999 0,366000

21,181002 13,006826 0,286400
0,674999 0,274000 1,956000

33,359440 13,205647 0,824912
0,438999 0,977000 1,731000

37,423203 13,039101 0,890750
1,913998 0,528000 1,410000

-54,203091 -19,307636 2,087546
3,761002 1,035000 0,386000

-44,418636 -13,150001 1,295682
3,971001 1,921000 1,117000

-47,696209 -9,266928 1,404857
4,027000 0,771000 0,907000

12,209257 16,973936 -1,130697
2,018001 1,569000 0,798000

-26,777000 -16,073633 1,101211
3,554001 1,987999 0,423000

1,662591 -9,281728 0,316273
0,079000 0,331000 0,456000

25,270121 -2,152566 0,154233
1,602001 0,567000 2,363000

64,382149 -3,382370 0,871954
2,548000 2,155000 3,174000

76,989098 12,779455 1,676727
3,113998 0,383000 2,793000

51,251461 13,234076 1,868769
4,754002 0,969000 0,354000

47,457695 13,054383 0,637000
1,401001 0,877001 2,686000

-13,206927 35,806000 1,258429
1,714999 4,120998 0,529000

-12,143334 30,564466 1,130400
0,525000 0,571001 0,374000

-13,148399 31,907999 1,186300
1,401999 2,717001 0,313000

-61,468445 14,540610 1,980889
2,650002 0,954000 1,194000

20,697611 19,364889 0,346389
0,913000 0,480000 1,057000

29,759974 -11,204849 -0,157242
1,704000 0,445001 1,542000

-1,369250 24,832966 0,385750
0,894000 1,974001 0,425000

-51,605244 14,480083 -2,112541
2,063000 1,687000 0,978000

-47,374264 7,964867 -2,488800
1,239998 1,340000 1,114000

-27,962618 8,829406 -1,665262
3,354000 1,469000 1,224000

-23,204250 8,859415 -1,813269
3,498001 2,206000 1,233000

5,586290 16,091564 -1,080400
2,223000 3,363000 0,509000

-4,042895 8,686009 -1,396668
4,465000 2,203000 1,447000

5,249364 17,928999 -1,346091
1,036000 2,736000 0,329000

3,693100 19,088701 -1,495600
1,228000 4,507999 0,518000

-7,200563 10,877093 -1,258906
3,733000 4,712000 0,602000

-8,365551 -11,090060 -1,482245
2,662000 2,462000 0,310000

3,601408 -11,054914 -1,297247
2,314000 2,554000 0,305000

