-2,197874 -3,687630 -1,756846
1,970000 2,969000 1,315000

2,538107 -5,143922 -1,667500
4,088000 4,567000 0,390000

-3,386813 10,077929 -1,994837
0,961000 2,028000 0,394000

-2,515394 16,872242 -0,639364
0,985000 3,714001 0,669000

8,145381 30,483189 -0,810619
0,999000 2,177000 0,405000

51,423691 13,302974 -1,383083
3,134998 2,200000 0,628000

-53,148186 6,974378 -1,814163
3,703003 2,067000 1,680000

-12,369331 16,011518 -0,561222
3,658000 4,262000 0,663000

-7,618307 17,530077 -0,454692
1,460000 3,255000 0,438000

-1,621667 21,570501 -0,611500
0,063000 2,250999 0,559000

-49,528564 12,909876 -1,144438
0,639999 0,579000 1,257000

6,464647 17,746883 -0,276588
0,347000 1,436998 0,366000

52,451958 18,691641 -0,763040
0,520000 0,934999 1,017000

77,046837 2,894917 -0,197833
0,385002 1,388000 0,490000

-1,636263 23,877842 -0,353211
0,069000 2,837000 1,052000

-1,647714 26,806715 -0,262643
0,063000 3,108000 0,862000

9,399750 33,327148 -0,339400
1,441000 3,564001 1,243000

13,238143 19,333071 -0,100786
2,711000 3,923000 0,502000

34,919300 13,074168 -0,531583
3,234997 1,228000 1,347000

38,509335 -10,560667 -0,349467
1,024002 0,245000 1,420000

19,520168 -10,764771 -0,345125
0,917000 0,523000 1,101000

-0,335600 71,948196 0,786600
1,470000 3,782997 0,519000

21,723577 24,109047 1,201133
0,648001 3,836000 0,300000

41,550346 21,083654 1,441957
2,503002 1,538000 1,147000

40,018997 19,659502 0,756318
0,524998 0,712999 1,872000

40,303646 18,076124 1,176859
2,078999 2,127998 1,598000

58,420815 20,367544 1,998182
0,871002 0,757000 0,699000

40,569111 13,188813 0,626482
1,094002 1,629000 2,548000

66,135902 18,419701 2,229100
4,751999 2,034000 0,895000

-21,352135 -16,803896 0,981421
3,196999 1,837001 0,310000

-26,168928 -17,326857 1,170429
3,590000 2,075001 0,313000

-25,101940 -9,696995 -0,317139
2,668999 1,462999 2,815000

13,534088 9,063320 -1,302452
4,476001 2,146000 1,362000

-52,774292 -11,173915 1,002243
3,120003 2,193999 2,282000

44,852371 -1,865481 0,508518
0,542999 0,727000 2,689000

-1,629857 21,516001 0,635786
0,054000 2,414000 0,696000

-1,715075 17,370960 0,080367
0,695000 4,340001 1,538000

-12,501916 15,422194 0,052750
1,534000 1,770000 1,595000

-23,891748 15,326335 0,802917
0,337999 0,233001 0,674000

-52,821404 13,264527 1,687579
2,349003 3,229000 1,312000

-26,836456 -10,761092 0,621273
2,660000 1,331000 0,578000

61,248207 -7,851399 -0,289600
1,867001 0,591001 2,246000

52,829937 13,585401 0,556467
0,349998 0,936000 1,599000

5,637692 38,602543 0,392692
0,760000 3,214001 0,468000

-71,138000 11,863832 0,817667
1,764000 2,351999 2,126000

-2,514956 15,288001 -0,684652
0,380000 1,788000 0,391000

-3,120958 17,249374 -0,852833
0,773000 3,035999 0,659000

-18,815897 8,710363 -1,466930
4,523001 1,930000 1,635000

-44,163399 7,824600 -1,882200
0,992001 1,556000 0,848000

-2,792907 14,905976 -0,971047
0,679000 1,320001 0,647000

-23,697008 8,333720 -1,657699
4,931000 0,934000 1,206000

7,969250 35,553001 -1,742833
0,810000 2,437000 0,359000

-9,153040 8,635441 -1,343157
3,688000 2,072000 1,408000

7,693205 27,037983 -2,312342
1,608000 4,976999 1,267000

-11,810547 -12,705909 -1,320636
0,229000 0,184000 0,310000

-4,428602 8,561128 -1,361727
4,075000 2,039000 1,383000

-29,058300 8,304350 -2,224000
3,864000 1,716001 0,320000

5,703545 44,838726 -4,061545
0,410000 3,412003 1,099000

6,829000 25,729141 -2,733333
0,586000 0,514000 0,513000

-1,058733 16,484932 -1,642867
0,227000 3,058000 0,590000

-1,171391 14,843610 -1,484739
0,506000 1,999999 0,367000

7,556100 38,185600 -4,676600
0,967000 3,333000 0,331000

