-18,966665 -1,322667 -7,717666
0,362000 0,312000 0,327000

3,233085 8,478745 -1,308441
3,850000 1,596000 1,336000

-10,074983 8,502287 -1,395071
4,401999 1,916000 1,424000

-7,281083 9,860332 -0,884750
0,274000 0,140000 0,392000

-4,272666 9,767834 -0,809611
0,639000 1,317000 0,312000

-1,220773 14,142587 -1,514100
1,331000 0,881001 1,173000

-1,500613 14,987453 -1,007936
0,388000 1,572001 0,539000

8,143396 8,635312 -1,275363
3,994000 1,960000 1,365000

-30,190336 7,752718 -1,747795
1,174999 1,481000 1,146000

-5,451525 8,565511 -1,251165
4,332000 2,062000 1,697000

27,678001 16,078117 -1,419000
4,552999 2,501000 0,544000

-50,292038 13,507999 -0,949227
3,695999 2,366000 0,706000

7,443304 16,285130 -0,307870
0,731000 1,522000 0,353000

-12,943354 20,481119 -0,340706
3,230000 4,664001 0,558000

-48,138905 12,183764 0,676059
2,296001 0,773000 3,047000

-50,353844 13,673462 1,802616
2,912998 1,613000 0,612000

-39,303108 14,054420 1,474790
1,560001 1,317000 0,514000

-33,249401 16,847881 0,611755
2,869001 1,981000 1,820000

-19,430059 17,098526 0,942059
4,990999 3,351001 0,443000

-10,129834 15,427167 0,602917
0,157001 0,092000 0,438000

0,964122 15,679953 0,047195
0,160000 1,536000 1,348000

28,734241 13,117580 -0,002022
1,844999 0,905000 2,120000

67,972137 12,775739 2,267370
4,824997 3,070001 0,902000

58,822254 -2,006550 0,506950
1,456001 0,561000 3,249000

-18,081146 -10,623995 -0,452770
1,586000 1,350000 2,558000

-19,509974 -10,085297 0,815351
0,680000 0,933000 0,412000

-47,825096 -19,091450 1,444200
3,782001 1,683001 1,032000

-42,771336 -10,663199 1,609800
4,995998 0,941000 0,430000

-13,662367 -10,383132 -0,670374
2,860001 1,644000 2,296000

-12,820825 -10,268059 0,639529
1,903000 1,561000 0,351000

-11,406785 -9,473340 -0,475673
1,829000 1,110001 2,286000

-45,138599 -10,827800 1,354800
4,828999 1,086000 0,342000

25,705914 -10,813412 -0,080941
1,218000 0,391000 1,208000

38,663006 13,108083 0,202250
0,320999 0,408000 1,196000

11,035889 19,428169 -0,109833
1,558000 2,451000 0,578000

-0,471188 21,897501 -0,195500
0,313000 4,017000 0,405000

-1,016625 20,974665 -0,264292
0,515000 4,102001 0,536000

-10,156417 15,473582 -0,233583
0,126000 0,137000 0,573000

0,971478 15,154391 -1,465522
0,381000 1,882000 0,550000

-1,977818 14,872682 -1,454818
0,487000 1,572000 0,543000

-4,461177 10,004778 -2,036578
0,586000 1,965000 0,330000

-7,544250 9,381600 -2,100500
1,464000 1,355000 0,335000

