4,677894 0,905632 -1,628263
2,507000 0,523000 0,769000

-2,910754 -4,366174 -1,831911
3,513000 3,412000 1,412000

-0,953733 19,413818 -0,793622
1,135000 4,240000 0,624000

16,087084 18,010750 -0,819250
2,429999 2,413000 0,382000

16,556108 16,421082 -0,771438
3,643999 0,201000 0,315000

19,084932 -11,639566 -0,965533
2,235001 1,071000 0,591000

-7,052688 -14,348937 -0,582406
0,480000 0,203000 0,301000

-61,338463 -10,772538 -2,429692
4,547001 0,693001 1,080000

-47,553452 13,865845 -1,313200
3,343998 2,496000 0,681000

-0,119441 17,445370 -0,642136
0,832000 1,953001 0,587000

-17,109001 16,221460 -0,542308
2,103001 1,817000 0,375000

-13,597274 16,749998 -0,611182
3,305000 3,725000 0,517000

11,418699 -14,247800 -0,119700
0,186000 0,066000 0,336000

67,701851 2,559333 0,132952
2,470001 1,628000 0,762000

33,890499 -10,795345 -0,350962
1,712002 0,710999 1,294000

-2,186697 18,725451 0,413105
1,711000 3,405001 0,920000

6,783834 21,596169 0,873333
0,708000 1,866001 0,301000

29,934687 19,212950 0,838579
4,476000 2,969999 1,284000

30,838099 17,811239 1,163724
1,453001 1,014000 0,681000

33,274998 18,257429 1,287143
2,187000 1,062000 0,441000

30,922905 12,950438 0,955750
0,590000 1,256001 1,202000

42,231873 13,095541 -0,465257
2,576000 2,143000 2,976000

47,261314 13,240374 1,093937
1,891998 0,417000 1,744000

57,414528 13,275188 0,877952
0,441998 0,580001 2,459000

-34,876202 -13,709934 1,039133
3,687000 2,180000 0,883000

-31,176834 -11,458499 1,176375
1,592001 1,388000 0,415000

-15,610399 -15,352532 0,825133
2,571000 2,769000 0,354000

35,210369 -2,004895 0,883474
0,563999 0,565000 0,832000

-51,417931 14,464787 1,698786
1,355000 0,719000 1,024000

15,056000 -14,257417 0,036500
0,260000 0,084001 0,502000

15,922174 -10,803254 -0,417081
1,275000 0,382999 1,266000

-27,788927 9,087028 -1,809328
2,346998 1,743000 1,659000

-36,437599 -10,552700 -1,865000
2,069000 0,717999 0,759000

-10,485501 -14,645144 -0,874571
0,354000 0,260000 0,358000

4,694232 8,753670 -1,148697
4,588000 2,301001 1,418000

-10,852679 15,088639 -1,218440
0,604000 1,191000 0,923000

-37,672619 8,164875 -2,250375
0,872002 0,520000 1,104000

-43,775635 8,245001 -1,894636
4,293999 0,584001 0,448000

-18,035696 8,731368 -1,652087
4,305000 2,233000 1,322000

-30,729265 8,263667 -2,208200
0,865000 0,363000 1,180000

-32,919827 8,410913 -2,045261
2,903000 0,585000 1,105000

14,760452 16,613592 -1,142318
4,997000 4,931999 0,367000

15,908051 -11,049349 -1,191950
3,636000 2,189000 0,314000

8,369032 11,254806 -0,832032
4,056000 4,898000 0,462000

-13,511779 8,745111 -1,524276
3,784000 1,814000 1,316000

6,476338 -14,131273 -1,207010
3,455000 2,564000 0,368000

-10,889359 -14,078678 -1,645420
2,738001 2,631001 0,311000

-20,935471 8,347058 -2,088470
0,654999 0,271000 0,560000

-30,335253 9,718750 -2,537583
3,525000 1,556999 0,320000

-10,720616 16,104925 -1,937885
1,328000 1,909999 0,371000

6,148969 -8,441489 -1,485359
1,775000 1,583000 0,305000

7,949177 10,025764 -1,740235
1,787000 1,726001 0,321000

