3,608755 -2,376978 -1,676244
2,403000 1,619000 1,002000

-2,783636 -4,023091 -1,677273
1,947000 2,739000 1,138000

-17,340576 8,802008 -1,605497
1,639999 1,583000 1,264000

-11,457947 8,794281 -1,482854
3,697001 2,248000 1,508000

2,522820 14,666902 -0,921900
0,607000 0,867999 0,647000

14,464999 17,993250 -1,042500
2,672000 2,612999 0,336000

-47,310577 12,913166 -2,180459
2,304996 2,138000 0,839000

30,723465 7,743025 -1,112500
3,397001 1,652000 0,702000

42,000820 6,542636 -1,449364
2,625999 0,343000 0,555000

-13,547181 23,571180 -0,564545
2,752999 4,389000 0,316000

1,793422 14,551984 -1,256174
2,318000 2,407001 1,637000

36,817669 7,174613 -1,275742
4,952000 1,202000 1,061000

19,446373 15,637552 -0,410625
4,024000 2,214000 0,537000

-1,186667 15,513762 0,155714
0,158000 0,212000 0,649000

1,055000 26,568499 0,482667
0,214000 2,080999 0,660000

72,981567 -12,462537 0,608143
2,939003 2,090000 2,656000

-38,078617 42,896355 1,810806
1,714001 3,516003 0,714000

-9,237043 21,487694 0,768522
1,576000 3,232000 0,412000

0,576235 22,653765 0,583706
0,193000 1,755999 0,836000

0,789063 24,364815 0,586563
0,204000 1,799000 0,891000

1,350100 28,943899 0,843000
0,196000 1,622999 0,718000

8,442877 -9,608867 -0,256764
1,602000 1,464000 1,998000

-21,852024 8,271488 -1,710375
3,341999 1,245000 0,999000

-8,304910 22,584272 -0,372727
1,288001 3,535000 0,508000

-31,394201 -14,915199 1,277600
4,977999 2,377000 0,394000

-19,675343 8,101000 -1,828057
1,359999 0,610000 1,076000

14,010220 -9,291007 -0,448277
1,699000 0,954000 2,170000

34,600029 -11,824700 0,150250
1,845997 1,334001 2,638000

23,133606 17,814941 0,833667
3,109001 2,905001 0,957000

-27,526215 11,972000 0,626929
0,272999 0,522000 0,593000

-59,291698 -11,019100 -0,044400
0,257000 0,198000 2,848000

-45,919392 15,429667 -0,258268
2,269001 2,075999 2,885000

4,388803 16,129145 -0,280093
1,755000 2,901001 0,753000

39,179062 -12,252500 -0,377312
0,832996 0,408000 1,442000

66,566246 10,276751 0,196450
2,361000 1,763000 0,750000

-12,604600 9,513700 -1,015000
1,910000 1,315001 0,351000

-24,943867 7,688334 -1,979400
0,784000 0,307000 0,526000

4,504733 15,882194 -1,498707
1,022000 3,113001 0,702000

5,577588 15,066706 -1,443470
0,366000 1,076000 0,410000

5,109580 16,448368 -1,760790
1,620000 3,798000 0,351000

-7,884466 18,469603 -2,034000
2,750000 4,783000 0,513000

