-6,669461 10,249044 -2,077254
1,507000 2,644000 0,416000

-55,288155 13,877798 -2,227200
1,455002 1,562000 0,680000

-13,465500 17,758200 -0,893800
1,496000 1,969999 0,388000

28,523760 12,907563 -1,311509
2,764999 2,979000 0,731000

-60,141296 14,152852 -1,717500
4,797001 2,471000 0,391000

12,714703 -10,880757 -0,570432
1,092000 0,280000 0,710000

-1,539967 -9,243462 -0,815550
0,235000 0,669000 1,298000

36,179901 20,501266 -1,106268
0,378002 2,042999 1,039000

29,608210 18,520845 -0,519000
0,932001 1,130999 1,084000

-7,842308 35,503841 0,087923
0,553000 0,459000 0,403000

49,645542 18,605000 -0,102364
0,382999 0,379999 0,912000

54,415565 2,623938 -0,056281
1,249001 1,948000 0,945000

17,811396 13,064676 -0,036893
0,618999 0,238000 0,926000

17,839203 17,779062 0,831572
1,365002 1,136999 0,801000

20,509081 18,330959 0,926792
1,256001 0,767000 0,541000

17,819092 13,133592 0,808591
0,403000 0,216001 0,418000

30,013292 13,272336 0,464044
0,470999 0,999000 2,175000

34,529514 13,256718 0,032395
1,895000 1,240000 2,224000

44,143711 13,196143 0,661143
1,405003 0,636000 2,518000

-16,316332 -14,564804 0,824373
2,411001 1,184000 0,308000

-18,549187 -15,448000 0,928313
2,686001 1,975999 0,356000

-56,932949 -19,475780 1,948611
3,634998 2,468000 0,753000

-50,710598 -14,962700 1,627300
4,678997 1,982000 0,709000

-50,109791 -9,580214 1,659786
3,572002 0,745000 0,646000

-45,731255 -10,456287 0,975925
3,910004 3,561000 1,425000

53,990570 -14,574785 1,779786
4,484997 1,098000 0,725000

22,024273 -2,058595 0,392064
0,504999 0,516000 1,471000

65,438904 -2,858314 0,978843
1,580002 2,168000 2,762000

73,142174 13,042333 1,692167
3,167000 0,403999 2,575000

-15,501937 30,609678 1,041871
1,033000 1,576000 0,835000

-35,649498 15,579000 1,116250
0,191998 0,295000 0,927000

-57,416504 14,698071 2,066286
3,218998 0,914000 0,721000

-47,734776 -13,406546 1,111455
3,714001 2,008000 0,908000

12,423704 -10,809270 0,161243
0,724000 0,265000 0,488000

44,233150 33,709305 1,265231
0,472000 0,526997 0,974000

55,101463 13,063460 0,158769
1,878998 0,853000 1,309000

-16,413198 35,533348 0,572050
2,075000 3,933002 0,691000

28,750193 -11,190423 -0,065077
1,175999 0,428000 0,921000

8,585929 17,070961 -1,205541
2,533000 4,997001 0,807000

-31,536144 8,608680 -1,929893
1,226000 1,044001 1,406000

-41,116646 8,983985 -2,413532
2,298000 1,976000 1,338000

-26,560871 8,831321 -1,991177
3,882000 2,277000 1,457000

-45,286182 8,112454 -2,665818
2,312000 0,568000 0,854000

6,599456 16,214911 -1,166039
3,727000 4,418001 0,807000

16,524118 11,816294 -1,598117
2,040000 1,118000 0,481000

7,829500 18,039951 -1,458150
1,882000 3,526001 0,664000

4,442727 15,869819 -1,130182
1,654000 3,696000 0,329000

-7,279859 8,726771 -1,442993
4,544000 2,319000 1,410000

15,180954 12,052999 -1,493227
0,801001 0,349000 0,341000

7,406143 16,342140 -1,599952
0,464000 0,146000 0,358000

-0,179150 -10,921775 -1,324642
1,255000 2,636001 0,317000

