-3,041292 -4,249108 -1,790191
2,784000 3,381000 1,359000

-50,108284 13,847717 -1,408923
3,344002 2,592000 0,730000

18,827801 17,603199 -0,735750
2,313000 1,788000 0,321000

46,920181 20,104000 -0,975273
0,321003 0,959002 0,620000

9,142559 -9,294040 -0,586000
0,207000 0,219000 0,880000

-76,078697 -17,812199 -1,661600
4,836998 0,726000 1,449000

-16,314585 18,924168 -0,442917
1,340000 1,432001 0,658000

45,714600 13,645599 -0,434400
1,214001 1,270000 0,308000

-37,416145 -9,730617 -1,109897
2,233002 1,112000 2,188000

15,037711 -10,846845 -0,420800
1,766999 0,785999 1,133000

-59,301437 16,530874 -0,153875
2,882000 0,627001 1,076000

64,539001 2,305323 -0,176968
1,336002 2,436000 1,119000

32,611137 -10,874500 -0,188318
0,821999 0,417000 1,015000

2,845878 13,016857 -0,051296
1,032000 4,037001 1,464000

5,873578 24,052158 0,764263
1,192000 3,883999 0,616000

6,581521 23,470650 0,793848
1,336000 1,073000 0,588000

12,145823 38,408821 1,259393
1,675000 3,416000 0,497000

27,645189 19,200064 0,733625
3,783998 2,955000 1,200000

29,558182 19,984648 1,210235
3,082001 2,831999 0,695000

28,397058 17,762030 1,044242
1,146000 1,122000 0,818000

45,947403 24,120100 1,402800
0,171001 0,646000 0,969000

28,484438 12,788187 1,052656
0,639000 1,226000 0,595000

44,805931 13,153785 0,984429
1,919998 0,521999 1,655000

54,773903 13,106688 0,489965
1,556999 1,344000 2,703000

32,772335 -2,081905 0,804286
0,487000 0,463000 1,001000

-37,364376 -13,501187 1,208063
4,019001 2,016000 0,975000

-33,547710 -11,352881 1,258882
1,432999 1,103000 0,440000

-36,026958 -9,751067 0,997027
3,051998 1,752000 1,352000

-40,386665 -9,301417 1,261250
3,809002 0,776999 0,524000

-33,267876 -17,126869 1,097381
4,887999 2,666000 1,357000

-1,635107 17,307659 0,680298
0,789000 2,416000 0,361000

-4,596068 18,665010 0,416419
1,601000 3,366999 0,964000

-53,742069 14,536600 1,768000
1,081001 0,864000 0,622000

9,158230 -9,308924 0,231769
0,199000 0,170000 0,387000

45,099819 22,094002 1,369545
0,678001 0,987000 0,627000

13,714695 17,651913 -0,983000
2,157001 2,278000 0,394000

-2,416956 17,476154 -0,756739
0,649000 1,394999 0,351000

-3,798501 19,739649 -0,926412
1,240000 3,840000 0,552000

-30,291739 9,133839 -1,995504
2,208000 1,809000 1,663000

-40,056274 8,352091 -2,032545
0,439003 0,649000 0,711000

-47,003002 8,116666 -2,275733
1,654999 1,046000 0,915000

-33,680859 8,086952 -2,420143
1,774002 0,889000 1,143000

2,447484 8,709192 -1,220855
4,659000 2,167000 1,406000

-15,928344 8,744004 -1,596114
3,703000 2,241000 1,357000

-35,408329 8,321500 -2,104583
0,802002 0,391000 0,487000

5,363600 11,616599 -0,898900
2,327000 4,901000 0,438000

0,374487 12,333683 -1,275904
3,211000 4,907000 1,063000

-1,312773 12,473384 -1,551253
0,658000 0,848000 0,465000

6,012443 -7,979653 -1,509967
2,109000 1,862000 0,333000

