-3,196164 -4,260595 -1,795569
2,896000 3,361000 1,373000

-32,827091 -10,397908 -1,736546
2,305000 1,123000 0,527000

8,343214 9,881285 -0,738000
1,037000 1,421000 0,325000

-37,100101 7,962000 -2,169600
0,855999 0,520000 1,197000

-29,630257 8,460200 -1,633400
2,726000 1,006000 1,269000

2,699410 19,590258 -0,801846
1,273000 3,695000 0,375000

7,718308 8,851849 -1,220504
4,657000 2,560000 1,440000

-59,041229 7,093295 -2,098412
3,173000 1,608000 1,101000

-40,811939 8,280354 -1,819941
1,142002 0,678000 1,006000

-24,779020 9,014355 -1,689137
4,008999 1,955001 1,668000

-34,339470 8,454700 -1,762975
2,748001 1,116000 1,694000

-14,020734 16,888466 -0,501467
1,988001 2,327000 0,362000

54,349728 12,051637 -1,143454
3,305000 0,421000 0,344000

-8,125913 15,428914 -0,196957
0,795000 1,509999 0,311000

46,161514 18,645353 -0,352355
0,723000 0,964001 0,970000

-31,448095 -9,641479 -1,065796
2,211000 1,658999 2,076000

71,117126 2,712063 -0,361813
1,394005 3,032000 1,233000

35,513084 -10,729958 -0,282217
1,334000 0,415000 1,099000

12,205940 23,204618 0,906412
2,365000 2,851000 0,634000

35,059727 20,420546 1,442864
2,556999 2,659000 0,474000

34,091888 17,898451 1,146316
2,019001 1,329000 1,201000

36,239449 18,180750 1,113150
3,473999 1,660000 1,012000

34,355278 13,006719 0,645840
0,548000 1,056999 2,014000

46,618908 13,694727 1,495818
0,270000 0,730000 0,535000

64,847122 12,583416 2,228792
2,359001 2,891999 0,752000

38,580875 -1,949853 0,516823
0,585999 0,621000 2,313000

55,162819 -8,029182 0,311364
0,307999 0,276000 3,057000

32,131798 -14,974467 1,202667
1,449001 0,950000 0,428000

-34,128735 -9,506000 1,249043
4,192999 1,293000 0,476000

-30,305204 -9,763652 0,953506
2,962000 1,268000 1,158000

1,852619 17,730049 0,701619
0,423000 2,240999 0,351000

-59,108158 13,164239 1,792931
2,458000 3,247000 1,167000

-77,113388 10,216286 2,104952
2,759003 2,486000 1,469000

50,889996 13,355053 0,487947
3,357002 1,155000 2,205000

-49,660160 -18,615747 0,699917
4,845001 2,441000 0,661000

16,641317 -10,472514 -0,368431
2,728001 1,809000 1,329000

-31,582466 8,267799 -2,100467
1,937998 0,413000 0,990000

-10,254163 8,683208 -1,388393
3,805000 1,867000 1,384000

-0,989667 47,307663 -3,052417
0,587000 4,986000 0,825000

-7,840100 16,544201 -1,289100
1,288000 2,755000 0,315000

-8,174200 16,047300 -1,545800
2,177000 3,546000 0,507000

-28,343699 8,984900 -2,355300
4,379999 1,344000 0,394000

11,928500 10,089334 -1,764583
2,467000 1,701000 0,319000

-15,696401 9,679100 -2,159450
3,303000 1,755000 0,469000

