-14,298401 15,915201 -1,393000
2,896000 3,295001 0,364000

0,152803 9,101924 -0,767136
0,249000 1,281000 0,579000

-9,158084 16,962835 -1,008833
1,542999 2,979000 0,343000

-37,669201 6,719963 -2,099885
3,617001 0,745000 0,975000

-45,005764 -13,581462 -2,094769
4,018002 0,485000 0,390000

-27,737776 8,242892 -1,837976
1,726000 1,754000 1,481000

6,380917 9,412957 -0,646125
1,276000 1,304001 0,701000

5,823710 8,487519 -1,221207
4,272000 2,139000 1,676000

14,818784 8,555011 -1,122072
4,143001 1,984000 1,391000

30,461407 7,680455 -1,094636
1,564001 0,672000 0,743000

39,711124 7,564125 -1,312875
1,549999 1,294000 0,752000

-14,819428 16,265497 -0,556271
3,315000 4,086000 0,325000

-1,453435 9,791697 -0,262072
0,814000 1,897000 0,302000

49,532204 -16,884899 1,525000
4,129997 0,940001 0,351000

-9,966173 -9,603697 0,244696
0,988000 0,781000 0,327000

-32,534271 12,759923 1,246192
1,328003 1,367000 0,420000

-32,699574 14,413970 1,090086
2,284000 2,576000 1,541000

-26,889730 14,458166 0,800333
0,519999 0,531000 1,086000

-25,971434 20,741245 0,955054
3,398001 3,160002 0,869000

18,360750 15,259334 0,708750
0,139000 0,127000 0,568000

67,372948 9,795648 1,282471
0,374001 0,948000 2,838000

77,388756 8,756876 1,032438
0,931000 0,594000 3,255000

-29,066002 -18,891462 1,178385
4,353001 3,491999 0,514000

-27,185307 -17,164770 1,031308
3,387001 1,604000 0,442000

-31,310923 -15,720615 1,075231
2,062000 0,931001 0,435000

2,074333 16,604582 -1,319333
0,672000 4,577001 0,696000

-30,900589 7,029471 -2,296941
1,421999 1,017000 0,456000

-7,388072 -9,552071 -0,213023
2,767000 1,400000 2,182000

-7,487764 -9,869354 0,409529
0,991000 1,122000 0,535000

-1,811087 -9,024973 -0,601318
0,952000 0,790000 2,101000

18,833241 -10,584800 -0,472855
1,749001 1,073999 2,253000

23,166723 -10,861835 0,672889
0,973000 0,266000 0,783000

25,743423 -10,143807 -0,083988
1,674000 1,507999 2,365000

69,306343 -10,327791 -0,058000
2,346001 2,386001 2,593000

11,176411 15,283647 0,143882
1,007000 1,253000 0,692000

-44,470360 10,415428 0,458286
0,569000 0,879000 0,769000

18,178823 15,172153 -0,836630
1,396000 1,754001 1,678000

-62,887989 12,954549 -0,653658
0,462997 2,143000 2,276000

23,193636 -10,180443 -1,041559
2,591000 1,863000 1,352000

45,027584 -13,398334 -0,459667
0,518997 0,355000 1,157000

-1,735530 8,424022 -0,969416
4,107000 1,680000 1,993000

-10,934112 15,386056 -0,327278
0,542000 0,842000 0,789000

-12,094201 15,980112 -0,376475
2,283000 1,968000 0,862000

-67,253502 10,085611 -1,248611
4,139000 0,919000 2,522000

21,143793 8,350786 -1,262313
4,059999 2,708000 1,607000

23,295799 9,094466 -0,345600
2,000999 1,022000 0,329000

45,435997 6,691267 -0,960267
3,223000 0,523000 0,823000

-2,133826 -10,895869 -1,252870
1,040000 4,350000 0,602000

7,841176 9,521118 -1,833765
1,498000 1,481999 0,311000

-0,029467 11,158933 -1,840000
0,209000 3,351999 0,594000

-0,297500 10,127929 -1,785500
0,295000 2,736000 0,522000

-2,453039 10,413975 -1,943065
1,963000 2,158000 0,425000

-3,346022 9,528183 -1,924409
0,573000 1,167000 0,432000

