-1,003000 16,297401 -1,152800
0,086000 1,426000 0,397000

-10,723771 8,470459 -1,466043
4,256001 1,788000 1,446000

-5,476326 9,683065 -0,828478
1,243000 1,526000 0,526000

4,847291 9,648437 -0,815000
0,121000 0,587999 0,401000

-3,220621 9,801483 -0,717276
0,435000 0,618999 0,405000

-4,284731 8,442885 -1,317863
3,417000 1,930000 1,607000

-19,464861 8,385743 -1,756631
3,341000 2,145000 1,540000

5,760225 9,578726 -0,738225
1,024000 1,589999 0,516000

6,311500 9,692166 -0,502833
0,775000 1,395000 0,374000

-4,431976 9,554548 -0,698095
0,375000 0,557000 0,618000

4,765518 8,444175 -1,206216
4,324000 1,652999 1,710000

14,501958 9,568541 -0,651625
0,823000 0,712000 0,449000

13,562236 8,653299 -1,225505
4,235000 2,006000 1,415000

35,554180 13,268820 -1,251364
1,094997 0,544000 0,462000

-4,400750 17,810799 -0,603550
0,931000 2,926000 0,348000

-27,967752 8,031142 -1,470450
4,268000 2,129000 2,146000

-39,367310 14,688035 -1,067276
3,542999 2,466001 0,771000

37,540718 8,632618 -1,258976
1,908997 1,815000 0,967000

22,560505 17,536253 0,080939
4,510000 2,576001 1,607000

49,896233 12,267231 0,689923
0,216000 0,401000 1,821000

-46,102501 12,434300 1,608375
2,604000 3,094000 0,959000

-22,358156 18,201363 0,509000
2,781000 2,566999 1,419000

22,424734 14,629520 0,035027
3,450001 2,033999 1,797000

-10,579215 8,939143 -0,999357
1,495000 1,279000 0,305000

-28,263998 -10,204101 0,175558
3,135000 1,993999 3,128000

-37,352173 -18,223351 1,426471
3,199001 1,955999 0,543000

-7,437020 -10,309118 -0,310263
1,193000 0,823000 2,015000

-2,971257 -10,323774 -0,421295
0,921000 0,441001 1,825000

-0,698444 -9,192430 -0,296665
1,348000 1,382999 1,940000

63,799191 -7,823016 0,678766
2,635998 2,361000 3,103000

69,442001 -3,183882 0,722647
1,290001 0,576000 3,329000

77,819588 11,379540 0,991083
2,548996 1,853001 3,803000

31,056250 -11,315125 -0,016437
1,593000 0,337999 0,821000

13,615749 14,592458 -0,063958
0,462000 1,107000 0,400000

39,660477 12,565444 -0,542074
3,233002 1,355000 0,999000

11,240001 18,659399 -0,076700
1,002000 1,426001 0,311000

11,011266 19,196932 -0,186533
1,756000 2,775002 0,458000

-0,301217 21,931652 -0,380391
0,326000 4,490000 0,622000

-15,961691 14,833384 -0,343846
1,432001 1,436000 0,403000

0,186357 8,444751 -1,388472
3,234000 1,041000 1,382000

3,044615 16,300077 -1,408077
0,955000 4,033000 0,604000

-12,732362 15,514454 -1,729182
3,047999 3,569001 0,560000

-21,504734 9,470734 -2,406600
3,007000 1,724000 0,375000

-9,781535 9,561721 -2,046348
2,077000 1,495000 0,351000

3,350423 9,609462 -2,061385
0,610000 1,575000 0,305000

-0,915273 -4,804313 -1,614974
4,602000 2,552000 0,336000

