3,492838 -2,325367 -1,639456
2,305000 1,657000 1,020000

-2,803001 -4,151434 -1,710940
2,432000 3,278000 1,285000

-7,053289 9,896240 -2,068492
1,413000 2,255000 0,324000

17,454248 10,131333 -0,664083
1,921000 0,785001 0,301000

15,498158 8,950422 -1,207044
4,563001 1,981999 1,283000

-50,999973 6,957182 -1,727333
3,098999 1,546000 1,537000

-10,973721 16,506882 -0,602120
3,434000 4,254001 0,529000

-5,540333 17,833277 -0,497667
1,019000 3,141999 0,354000

-50,696621 -11,087333 -1,616417
2,072002 1,057000 1,222000

-13,910799 19,568699 -0,350600
1,345000 1,867001 0,440000

-10,869948 15,689099 -0,324150
1,543000 1,825999 0,589000

54,305092 18,723091 -0,582045
0,568001 0,965000 1,119000

79,277672 2,926708 -0,558708
1,227997 2,999000 0,998000

39,369728 -10,475390 -0,142167
1,327000 0,472000 1,208000

41,562000 19,563250 0,226833
4,134998 2,204000 0,839000

8,797893 33,714672 0,466311
1,903000 1,764999 1,920000

9,831643 35,894001 1,237143
0,821000 2,563000 0,488000

11,332001 31,753180 0,135051
1,384000 3,621000 2,247000

12,253238 31,710478 1,212524
0,885000 0,640001 0,390000

9,278308 20,813000 0,849000
0,969999 2,479000 0,323000

23,576139 24,192238 1,244100
0,669998 4,084000 0,313000

42,454128 13,410250 0,791250
0,927002 0,705000 2,123000

68,253807 18,507124 2,459688
4,362000 1,928001 0,584000

55,865810 12,889094 1,992762
3,598000 2,918000 0,479000

-23,257401 -9,732438 -0,263782
2,726999 1,477000 2,772000

-30,431601 -10,855301 1,180500
3,972000 1,579000 0,339000

-19,303741 -16,792282 0,936743
3,135000 1,771000 0,350000

46,743385 -1,838869 0,523304
0,479000 0,609000 2,801000

-0,463684 17,299225 0,595526
0,649000 3,634999 0,465000

-10,957354 15,665059 0,511353
0,183000 0,102000 0,678000

-22,033644 15,360429 0,942357
0,339998 0,366000 0,505000

-50,673779 13,924520 1,716739
2,259998 1,164001 0,571000

-51,178005 12,171034 1,702322
1,413002 1,197000 0,607000

59,255714 13,458357 0,151643
1,896999 0,431000 2,246000

20,333961 -10,744673 -0,193510
1,024000 0,448000 1,282000

53,920425 13,742261 -0,498652
2,065998 1,264999 2,289000

11,913900 36,938400 0,473100
2,006001 4,764999 0,680000

-16,953470 8,665218 -1,454340
4,456000 2,216000 1,716000

-32,815430 8,093760 -1,837259
4,680998 1,333000 1,223000

9,380954 24,272953 -1,477857
1,405000 3,867001 0,999000

9,606666 34,361134 -1,465800
1,264000 3,100002 0,357000

-21,890800 8,336356 -1,699473
4,708000 1,101000 1,331000

13,920802 12,300918 -1,458676
3,665000 2,224000 0,821000

9,768466 35,720737 -2,208467
0,877000 2,181000 0,789000

-8,147120 16,242123 -1,159182
0,990000 1,962001 0,806000

-7,320830 8,677423 -1,346885
3,710000 2,082000 1,454000

7,707158 45,346474 -3,609211
0,768000 4,568001 1,326000

6,342182 50,967819 -4,163000
0,655000 0,605000 0,575000

-2,788770 8,561887 -1,387190
3,948000 2,038000 1,354000

1,673187 17,349438 -1,845875
0,377000 3,427001 0,777000

8,511522 25,342957 -2,685304
1,268001 3,376001 0,507000

0,586073 14,312634 -1,689000
0,397000 0,757000 0,639000

-1,771000 16,364500 -1,571125
0,833000 3,758000 0,509000

5,940000 47,949547 -5,319818
0,541000 3,592003 0,553000

-17,797600 9,618002 -2,168300
3,231998 1,346001 0,407000

