-2,074595 -3,978260 -1,781101
2,036000 2,954000 1,329000

4,631000 0,879583 -1,611417
2,526000 0,498000 0,775000

-4,336923 15,425614 -1,040539
0,804000 1,957000 0,361000

-7,515770 15,482462 -1,073692
0,880000 1,633000 0,317000

-19,918243 8,490409 -1,721434
1,410000 1,629000 1,058000

-27,708895 7,423290 -2,102579
3,061998 1,227000 1,161000

-0,430275 16,235241 -1,317082
0,768000 3,134001 1,231000

-26,172392 8,233235 -1,653000
3,590000 1,077000 0,976000

-19,584665 16,021584 -1,308667
3,682001 2,938000 0,733000

-31,224186 7,392444 -1,923074
1,186001 1,322999 1,356000

-75,171387 25,200771 -3,033154
0,763000 2,080999 0,493000

30,743677 7,862677 -1,539618
3,920000 2,597000 0,640000

35,007092 6,728182 -1,509273
1,778999 0,982000 0,377000

4,517151 16,583670 -1,260381
0,851000 2,904001 1,368000

33,232292 7,544883 -1,152882
2,932001 0,466000 0,454000

37,909897 7,031300 -1,202400
0,968998 0,462000 0,505000

27,971180 7,959164 -1,323522
4,765001 2,247000 0,895000

22,105272 8,188700 -1,140021
4,740999 2,458000 1,280000

-25,112997 14,781501 0,513714
0,305000 0,351000 0,711000

-50,231499 30,913198 1,691400
4,403999 2,772999 0,405000

7,588823 15,396235 0,239765
0,167000 0,148000 0,505000

18,792900 15,151201 0,516500
0,212000 0,112000 0,477000

-53,680542 23,172363 1,843909
3,794003 1,538000 0,754000

-37,879780 27,107016 0,924121
1,260002 1,703001 1,958000

-19,289099 14,892031 0,797097
0,552000 0,554000 0,760000

-18,295025 21,593790 0,805000
3,024000 3,880001 0,752000

-0,568719 -9,675220 0,379656
0,188000 1,077000 0,337000

-0,063818 -9,326083 -0,334946
1,109000 1,288000 1,990000

5,395066 -9,050936 -0,517909
1,005000 1,061000 2,021000

26,128531 -11,016366 0,114982
1,761999 1,355000 2,235000

32,930698 -10,604466 0,107978
1,445000 1,209001 2,499000

70,568436 -11,208673 0,932326
3,095001 2,066000 3,047000

74,870377 8,644249 1,570812
0,482002 0,591001 2,668000

-36,896557 11,185439 0,518750
0,732002 0,825001 0,651000

57,340782 12,016032 0,347774
2,740002 1,566000 1,067000

-0,506194 -9,866161 -0,096871
0,297000 1,192000 0,312000

-4,687494 16,233631 -0,354512
1,578000 2,354000 0,734000

-19,322334 14,986668 -0,303250
0,335001 0,261001 0,759000

-18,638224 22,149937 -0,458032
2,450001 3,776001 0,602000

12,699680 8,593788 -1,169968
4,209000 2,216000 1,810000

7,166604 9,819813 -0,271672
1,537000 1,822000 0,383000

-4,556296 14,623566 -1,283556
1,444000 0,732000 0,675000

7,184401 -12,044100 -1,122700
2,611000 4,305000 0,464000

7,977364 -12,197001 -1,121273
3,134000 4,627001 0,500000

-7,291500 15,538483 -1,523536
1,845000 2,675001 0,729000

-22,546684 7,708842 -1,984842
1,205000 0,462000 0,526000

-5,457966 15,877412 -1,693414
1,145000 2,769000 0,548000

-7,004280 15,816881 -1,777920
1,487000 3,092001 0,451000

-4,262900 15,787401 -1,662900
0,851000 2,077001 0,330000

-3,887077 15,872925 -1,750000
1,210000 4,118999 0,457000

-4,700300 15,460501 -1,813900
0,964000 3,098001 0,367000

6,453000 10,657177 -1,853294
1,701000 2,168000 0,403000

