-11,116299 8,505595 -1,418230
4,422000 1,673000 1,392000

-7,930846 9,326845 -0,855769
1,948000 2,124000 0,453000

-2,330707 14,138482 -1,495000
1,279000 0,909000 1,171000

-2,558445 14,873290 -1,029200
0,734000 1,629001 0,660000

3,080437 14,472125 -0,968313
0,455000 0,956000 0,321000

-7,370000 9,561997 -0,808533
1,854000 1,356000 0,528000

-5,456842 9,905525 -0,828053
0,622000 0,318000 0,370000

9,605784 16,925714 -1,171714
2,257000 3,823000 0,648000

7,155185 8,655059 -1,292821
4,009000 2,640000 1,330000

-12,473372 -9,469875 -1,222112
0,908000 0,641000 0,840000

-22,745907 8,243473 -1,728589
4,379999 2,697000 1,316000

-6,484486 8,564496 -1,316256
4,258000 2,338000 1,802000

-12,438000 -9,883077 -0,781000
0,414001 0,424000 0,492000

10,904192 15,408115 -0,842115
1,230000 2,075000 0,535000

-76,916107 8,654222 -2,554333
3,176003 1,758000 0,618000

-31,379667 7,912204 -1,842426
1,262999 1,712000 1,622000

-14,105916 20,330084 -0,458083
3,425000 4,521999 0,414000

6,388625 16,456459 -0,298583
0,722000 1,888999 0,354000

-2,202524 20,721523 -0,268571
0,679000 4,091999 0,458000

-40,235603 13,949466 1,148467
1,302002 0,974999 1,008000

-34,456093 16,860443 0,543418
2,823997 1,901000 1,801000

-0,090766 15,639092 0,015078
0,210000 1,638000 1,523000

47,711834 13,167110 1,055055
0,704998 0,532001 2,081000

-19,021814 -10,350499 0,614750
0,178999 0,202000 0,666000

-20,546656 -10,252794 0,828551
1,466999 0,998000 0,453000

10,392167 17,408251 -1,367667
2,627001 3,787999 0,584000

2,350220 8,505052 -1,341266
3,833000 1,478000 1,325000

-49,266499 -19,273249 1,564750
3,685001 1,518999 1,050000

-14,870478 -10,470265 -0,502765
3,525999 1,628000 2,408000

-13,372387 -9,922276 0,612167
2,452000 1,726999 0,453000

-12,378713 -9,486960 0,009574
1,332000 1,379001 1,316000

49,786251 -14,554001 1,572250
4,584000 1,166000 0,695000

62,387207 -6,343240 0,801747
2,446999 2,472000 3,058000

57,448521 -1,900381 0,469476
1,132999 0,625000 3,148000

-49,212101 12,200577 0,531250
1,847000 1,400000 3,092000

-51,495941 11,592470 1,788765
2,886997 1,613999 0,654000

53,403797 13,161400 1,090200
0,328999 1,395000 1,607000

25,235445 -10,824554 -0,108472
1,143000 0,372000 1,185000

37,571583 13,175499 0,451750
0,251003 0,413000 0,670000

-19,087486 -10,689307 -0,751518
1,451000 1,068001 1,814000

9,887449 19,454350 -0,096400
1,500000 2,700001 0,570000

1,355694 14,514194 -0,103917
0,560000 1,145000 0,445000

44,630081 -10,022154 -0,561308
4,269997 1,376000 0,635000

2,772727 9,917545 -0,871455
0,171000 0,115999 0,326000

0,483833 16,525389 -1,331611
0,457000 3,990999 0,671000

-0,340944 15,608778 -1,245944
0,320000 4,037000 0,672000

-0,102167 15,268278 -1,492944
0,202000 1,667000 0,536000

-0,670750 16,068251 -1,538833
0,583000 4,027000 0,523000

-12,500556 8,944500 -2,157666
1,898000 1,193000 0,313000

-5,681382 10,066653 -2,051564
1,404000 2,283000 0,416000

4,651364 9,383272 -1,868909
0,901000 1,436999 0,302000

