-2,889357 -4,125306 -1,792606
2,735000 3,357000 1,396000

-49,492832 7,956667 -1,951083
0,678001 1,741000 0,611000

-33,712532 8,310177 -1,900118
1,521000 0,720000 1,315000

-28,676664 8,418501 -1,708928
3,511000 0,785000 1,410000

-24,042797 8,854289 -1,750626
4,085001 2,778000 1,596000

3,569621 19,411072 -0,804172
1,160000 3,893002 0,369000

8,592375 8,848117 -1,157634
4,622000 1,823000 1,356000

-58,135918 7,202956 -1,897304
1,980003 1,398000 1,379000

4,389187 17,833778 -0,653344
0,821000 2,295000 0,531000

-13,270539 17,053307 -0,493154
1,847000 2,497000 0,360000

11,370632 19,776031 -0,104567
3,407000 3,861000 0,312000

47,032402 18,663639 -0,351242
0,682999 1,098001 0,986000

15,916001 -9,257840 -0,645840
0,315001 0,177000 1,219000

0,935769 36,817001 -0,117846
0,623000 4,627003 0,657000

72,015739 2,674258 -0,398258
1,338997 3,185000 1,246000

35,783604 -10,693067 -0,286200
1,084000 0,263000 1,109000

17,437754 -10,746799 -0,420877
1,080999 0,407001 1,242000

12,821943 22,889118 0,915176
2,357000 3,557001 0,504000

36,228649 21,280783 1,444565
2,067001 2,345999 0,504000

34,650059 19,557945 0,812333
0,431000 0,698000 1,413000

35,027920 17,929026 1,041842
1,905003 1,025000 1,218000

36,816902 18,133429 1,146619
3,588001 1,681000 1,032000

49,496899 20,321108 1,371210
1,785999 1,254999 1,692000

35,231640 13,150239 0,756520
0,590000 1,181000 1,809000

39,454559 -1,963600 0,860120
0,557999 0,563000 1,393000

-30,036398 -9,721434 0,088425
3,202000 1,391000 2,910000

0,439361 36,252640 1,105306
1,187000 4,838001 0,756000

-47,135296 14,450902 1,673500
0,530998 0,533001 0,554000

-58,224030 13,069198 1,744530
2,131001 3,541000 1,442000

-49,344250 -18,838831 0,919667
0,481998 1,055000 0,669000

46,918633 13,404422 -0,149790
2,167004 1,212000 2,896000

0,369600 38,355934 0,534400
0,767000 3,291000 0,494000

-17,890081 15,538085 0,086750
1,416000 1,297000 0,749000

15,645236 18,862511 -0,082000
2,482000 3,476999 0,864000

-13,908801 8,830172 -1,417006
4,549001 2,052000 1,359000

-7,017000 47,851582 -2,797167
0,740000 3,857998 0,835000

-9,483811 8,639274 -1,438633
3,995999 2,076000 1,360000

-16,620451 8,349774 -1,857226
0,743000 0,391000 0,764000

12,468415 9,816167 -1,711250
2,653000 1,631000 0,376000

