-2,148301 -3,899866 -1,796960
2,015000 3,340000 1,330000

-9,295727 16,960726 -1,377636
2,204000 3,799000 0,452000

-6,664529 15,304881 -1,106824
1,130000 1,991000 0,455000

-33,556915 7,220280 -1,993280
2,873001 0,749000 0,921000

1,852000 16,401125 -0,787125
0,351000 2,901000 0,364000

28,826700 7,548551 -1,522900
0,940001 1,093999 0,555000

-28,881544 7,897049 -1,585244
1,060999 1,150000 1,080000

-22,616772 8,403694 -1,763705
1,734001 1,823000 1,438000

30,948652 7,778617 -1,151000
1,097000 0,575000 0,610000

10,440308 8,534717 -1,136282
4,061000 1,568001 1,497000

24,159046 13,762804 -1,196598
3,445999 2,487000 0,975000

19,626629 8,346340 -1,172541
3,910000 2,268001 1,280000

25,611908 8,200254 -1,303889
4,812000 2,142000 1,078000

45,262001 7,010350 -1,228700
1,194000 1,968000 0,608000

-21,838749 14,761284 0,845714
0,386999 0,495001 0,629000

-20,809046 21,320826 0,851065
3,545000 3,536001 0,802000

-6,007250 15,503583 0,586333
0,164000 0,070000 0,396000

-5,111395 -9,520880 0,404517
0,807000 0,695000 0,402000

-25,251915 7,628334 -1,997167
0,895000 0,224000 0,487000

-1,071046 19,812138 -0,317545
0,535000 3,993999 0,302000

-2,452187 -9,349618 -0,431414
1,103000 1,125000 2,051000

2,990476 -9,024094 -0,508986
0,952000 0,921000 2,017000

23,619314 -10,755377 -0,174479
2,322001 1,507000 2,412000

30,507404 -10,366997 -0,051872
1,524000 1,139999 2,527000

72,346474 9,110765 1,536824
0,546997 0,743000 2,582000

-27,651142 14,611000 0,254571
0,239000 0,366000 0,916000

-39,434689 10,913438 0,552437
0,297001 0,685000 0,950000

46,382999 12,383833 -0,110333
1,863998 0,936000 0,832000

2,937460 8,450751 -0,934837
4,223000 1,691000 1,989000

-6,031240 15,532160 -0,290400
0,210000 0,165999 0,707000

-55,083099 14,642900 -0,503700
2,577000 0,937000 1,684000

-57,837891 13,561571 -0,650232
0,414001 2,026000 2,100000

28,190426 -11,098071 -0,592929
0,375999 0,204000 1,117000

-7,061793 16,224058 -0,368634
1,773000 2,338000 0,898000

4,037524 9,684249 -0,219200
1,223000 1,639999 0,325000

3,012692 9,607428 -0,397392
0,910000 1,782001 0,554000

-10,025332 15,317584 -1,578750
1,133000 1,932000 0,542000

4,878907 -12,445093 -1,319111
2,295000 4,564000 0,578000

-7,263000 15,736200 -1,577500
1,428000 2,750999 0,401000

-7,880295 15,501589 -1,630588
1,250000 2,238999 0,435000

3,755647 -11,333412 -1,166294
1,588000 4,323999 0,505000

-6,737300 15,628599 -1,632300
1,008000 2,113999 0,347000

15,071923 9,501078 -1,832923
3,193000 1,955000 0,322000

5,291933 9,634867 -1,863000
1,250000 1,875000 0,431000

4,158963 9,671407 -1,853852
0,577000 1,781000 0,485000

3,367984 10,668855 -1,916727
1,999000 2,304000 0,410000

2,242824 10,070412 -1,922412
0,674000 1,969000 0,453000

