-2,301654 -3,513962 -1,585192
1,801000 2,799000 1,199000

5,311113 8,590177 -1,252447
4,011000 1,995000 1,393000

-33,454189 8,012333 -1,834983
2,159000 1,772000 1,076000

-8,381803 8,512617 -1,260501
4,086000 2,191000 1,713000

-9,916884 13,532788 -0,822147
3,788000 4,841001 0,814000

-40,748032 14,534566 -1,188700
4,300999 1,901999 0,656000

23,962063 -10,696938 -0,806813
3,928999 1,358001 0,339000

-19,195362 16,351362 -0,606909
2,035000 1,652999 0,394000

-8,032785 17,401213 -0,456500
1,560000 3,202001 0,439000

24,077202 9,084040 -1,286873
3,994001 2,058001 1,282000

-53,467949 13,475250 -1,133450
3,410999 1,861000 1,017000

4,471056 17,565334 -0,343222
0,043000 1,525999 0,330000

-4,200176 21,415297 -0,291294
1,008000 4,095001 0,464000

-0,510745 14,610363 -0,283745
0,780000 1,147000 0,446000

-2,137780 15,630071 -0,510878
0,396000 1,862000 0,963000

-23,659706 17,686472 1,065000
4,551001 3,007001 0,457000

-13,248000 15,372635 0,662364
0,145000 0,108999 0,483000

-2,146173 15,726348 0,400478
0,230000 0,207999 0,563000

19,435183 35,058640 1,346818
2,733000 4,563000 0,415000

35,497665 13,142953 0,656333
0,370998 0,365001 1,586000

45,597588 13,329241 0,359207
3,010998 1,253000 2,648000

55,569580 -1,888579 0,835105
0,468002 0,727000 3,054000

-16,652973 -10,289324 -0,418615
2,794000 1,616000 2,463000

-21,349447 -10,899511 0,585575
1,418999 1,047999 0,883000

-22,606651 -10,347579 0,853163
1,336000 0,976000 0,486000

-4,284245 14,160048 -1,368278
1,493000 0,959001 1,230000

-42,068130 -11,101199 0,901901
3,313999 1,846999 1,882000

-21,041449 -10,635858 -0,926929
2,445002 1,651999 1,704000

-51,260204 -19,379934 1,469734
3,746002 1,618000 1,084000

-14,479971 -9,567616 -0,445187
1,341000 1,339000 2,377000

-9,727429 -16,424143 0,741000
1,841001 2,865001 0,312000

49,246662 -14,914498 1,650583
0,334003 0,482000 0,573000

-42,449360 14,120787 1,427143
1,313999 1,050000 0,499000

-51,575047 12,261783 0,621826
2,898998 2,052000 3,260000

-52,938587 11,593411 1,830765
3,007000 1,361000 0,678000

62,523827 13,201285 -0,841343
3,062004 1,981000 3,148000

24,185997 -10,765120 0,023520
0,880001 0,474999 0,832000

-37,101692 16,969885 0,204192
2,818001 1,749000 1,207000

-13,115431 8,485801 -1,445496
4,312000 1,400000 1,298000

7,462555 16,452070 -1,327518
2,191000 4,124000 0,781000

-0,782636 16,649635 -1,103727
0,503000 3,934999 0,310000

-4,456124 16,449501 -1,310975
1,591000 3,988999 0,659000

0,469440 8,457438 -1,345162
3,801000 1,273000 1,311000

-2,574889 16,042221 -1,457222
0,993000 4,048000 0,720000

-10,992499 15,671144 -1,783786
2,730000 3,806999 0,408000

-4,171667 16,382334 -1,745733
1,313000 3,986001 0,467000

-8,023269 9,715710 -2,086542
1,571000 1,682000 0,358000

-9,576684 9,387263 -2,136737
1,842000 1,469001 0,354000

