2,317964 8,490541 -1,358184
3,431000 2,135000 1,303000

-8,514112 8,461654 -1,428317
4,303000 2,000000 1,428000

-3,248761 9,792956 -0,803218
0,543000 0,196000 0,330000

-19,488825 8,029431 -1,933689
2,067999 1,126000 1,164000

-2,132324 9,500621 -0,786487
0,277000 0,686000 0,356000

-16,805233 8,526708 -1,643484
2,101999 2,277000 1,451000

-2,165738 8,381832 -1,287035
4,043000 1,655000 1,680000

-59,158203 4,824500 -2,433400
2,980000 1,428000 0,828000

-26,966908 15,503726 -1,131182
3,212999 1,753001 0,322000

3,358667 15,581958 -0,891833
0,232000 1,124000 0,759000

8,938412 9,846353 -0,576529
0,504000 0,342000 0,349000

-26,532715 8,919929 -0,845286
2,577999 1,082999 0,419000

-15,815779 15,754814 -0,750778
1,809000 1,919999 0,564000

-0,773400 16,489534 0,205533
0,054000 1,500999 0,496000

24,909918 17,299225 0,063493
4,500000 2,544001 1,727000

-52,611919 10,286249 1,616000
1,045002 0,663000 1,014000

-19,980755 18,538639 0,453098
2,562000 2,248001 1,345000

-5,202988 -10,220708 -0,456101
1,320000 1,151000 2,000000

-1,467767 -4,055218 -1,668432
3,523000 2,826000 1,159000

-35,143169 -18,082333 1,377111
3,243999 2,235001 0,529000

-26,108011 -10,049758 0,093288
2,484001 1,718000 2,962000

-0,727466 -10,318754 -0,310835
0,936000 0,479000 1,638000

1,527465 -9,230076 -0,232215
1,360000 1,319000 1,939000

64,258827 -8,102139 0,701753
2,486000 2,502000 3,136000

71,863091 -3,495500 1,128583
0,772003 0,800000 3,441000

62,376507 11,828167 1,447056
0,981998 0,733000 2,271000

52,228172 12,054235 0,676882
0,557003 0,545000 2,579000

41,963104 12,513210 0,142553
1,743000 1,360000 2,414000

24,786608 14,450006 0,102619
2,962000 1,761000 1,943000

-69,759506 7,354899 -0,507600
0,357002 0,827000 2,139000

2,404061 21,227909 -0,357364
0,838000 4,469999 0,625000

1,920778 21,725815 -0,363111
0,685000 4,440001 0,623000

-13,800600 15,118401 -0,270800
1,444000 1,565001 0,374000

40,010891 8,221149 -1,049815
1,817001 1,579000 0,764000

-25,593142 8,137316 -1,446986
4,171000 2,017000 2,039000

15,859409 8,705540 -1,211279
3,861000 1,952000 1,430000

6,962882 8,443654 -1,170363
4,454000 2,098000 1,688000

2,019000 -10,473201 -0,940333
0,991000 4,092000 0,427000

-0,244769 16,718077 -1,563769
0,252000 2,568999 0,483000

-0,239083 16,562750 -1,850417
0,261000 2,539001 0,306000

0,001420 11,896964 -1,964355
1,907000 4,326000 0,669000

0,007036 9,976187 -2,021544
2,169000 1,821000 0,430000

