-2,678917 3,420166 -1,593583
2,192000 2,768000 1,261000

-6,016799 10,433780 -2,066109
1,159000 2,801001 0,328000

-59,760551 14,064448 -1,705300
2,243000 2,509000 0,403000

-0,930015 -9,263494 -0,796507
0,144000 0,580000 1,239000

54,431274 12,240091 -0,681818
4,008999 0,841000 0,423000

37,362000 -9,427616 -0,561462
2,575001 1,085000 0,311000

-2,075754 19,186857 -0,425212
4,874000 3,655001 0,930000

-47,445099 -9,888874 -1,269182
4,578003 1,841000 2,355000

30,236713 18,510668 -0,488667
0,674999 1,077999 0,858000

50,903667 16,040251 -0,057833
0,630001 0,495001 0,918000

54,981388 2,568516 -0,031290
1,417000 1,623000 0,956000

-3,520759 23,288353 0,594167
1,340000 1,349001 0,989000

18,443272 17,688950 0,787250
1,341000 1,046000 0,813000

21,176357 18,386751 0,925857
1,290998 0,650000 0,548000

18,481754 13,081244 0,338356
0,579000 0,330000 1,493000

33,402187 20,802910 1,269818
3,101002 2,149000 0,421000

30,643709 13,227412 0,791588
0,489000 0,681000 1,401000

35,092892 13,290579 -0,108800
3,027000 1,273000 2,253000

44,858227 13,205364 0,921864
0,274998 0,464000 1,657000

-15,680119 -14,510745 0,811796
2,650001 1,153000 0,307000

-17,849571 -15,279475 0,871905
2,472000 1,877000 0,342000

-43,154026 -17,375536 1,320922
4,983997 2,759999 1,180000

-56,206161 -19,553667 1,889611
3,695999 1,492001 0,749000

-50,006886 -9,393178 1,334941
4,035000 0,605000 1,243000

-54,615570 14,065810 -2,158952
1,493000 1,662000 0,668000

-47,533787 -13,697821 1,302964
3,264999 1,877000 1,182000

22,664547 -2,086750 0,155467
0,459000 0,537000 2,192000

65,136269 -2,984352 0,852129
1,632996 2,186000 3,597000

-14,852571 30,565668 1,036333
1,124000 1,407000 0,654000

-15,596726 31,273094 1,218909
1,650001 2,523003 0,408000

-35,020004 15,586091 1,023727
0,130997 0,191999 0,912000

-56,440441 14,831813 1,985312
3,355000 0,750000 0,713000

45,002388 33,461277 1,361945
0,560997 0,730999 0,985000

17,922516 19,384848 0,137970
3,546000 3,270000 1,322000

12,633451 -10,876235 -0,380414
2,719000 1,686000 1,436000

-5,251167 24,935888 0,333222
0,963000 4,556002 0,311000

-30,946289 8,712446 -1,955395
4,424999 1,520000 1,445000

-25,996046 8,821761 -1,957104
4,327000 2,335000 1,471000

7,018589 16,253191 -1,125306
3,649000 3,714000 0,666000

-2,417500 18,089251 -1,056500
0,804000 3,542999 0,417000

9,850352 16,848885 -1,347353
2,788000 4,620000 0,455000

17,126354 11,934937 -1,538492
1,789000 0,592999 0,428000

8,408706 17,741705 -1,382706
1,964000 3,491001 0,548000

7,721769 18,318615 -1,294154
1,934000 3,608000 0,418000

2,576357 16,162392 -1,143446
1,415000 3,347000 0,383000

-6,731030 8,717970 -1,419210
4,748000 2,133000 1,438000

9,758501 17,666000 -1,553400
1,951000 3,267000 0,318000

0,889900 15,332098 -1,334100
0,586000 3,832000 0,399000

-7,426760 -10,960520 -1,457240
1,846000 2,269000 0,318000

