16,292768 -1,675385 -6,954231
0,172001 0,385000 0,319000

-2,242400 -3,396500 -1,520300
1,822000 2,763000 1,188000

27,244293 19,943470 -1,763529
2,469999 2,625000 0,407000

-40,766491 -12,706927 -2,132786
3,801998 1,667000 0,315000

-49,132179 13,904636 -2,146636
2,417999 0,741000 0,314000

-64,643524 13,952428 -2,332095
4,098003 2,149000 1,184000

39,220398 32,412464 -1,532400
3,243000 1,026997 0,949000

-7,967042 19,358557 -0,832778
4,949000 3,655001 1,001000

44,501598 12,155734 -0,953267
3,886997 0,319000 0,455000

25,036747 18,559488 -0,843108
0,636002 1,121000 1,133000

-52,831757 -10,229246 -1,322820
3,361000 1,822000 2,263000

-15,252162 16,901905 -0,553628
3,909000 4,974999 1,026000

-9,509733 24,595531 -0,181867
1,716000 2,053999 0,366000

45,030182 18,738092 -0,288909
0,441002 0,431999 0,951000

-10,139217 22,617437 0,659956
1,094000 1,300001 0,583000

-5,427851 22,092299 0,688060
1,354000 4,626999 0,603000

14,194468 23,131266 0,899200
0,552999 0,352999 0,654000

12,727209 19,446112 0,029272
1,190000 1,709000 1,989000

13,715270 20,170460 0,735808
2,612000 3,455999 0,794000

13,246775 17,800926 0,660136
1,460000 1,173000 0,951000

15,912304 18,407057 0,743722
1,181999 0,837999 0,758000

13,255755 13,091244 0,330279
0,636000 1,110000 1,370000

28,637503 21,683449 1,180750
3,177999 2,397999 0,684000

27,273212 20,112143 0,832429
0,204000 0,249001 1,045000

-17,704500 -14,841894 0,878393
3,070000 2,539001 0,372000

-54,434864 -9,540217 1,678522
4,047001 0,954000 1,097000

-30,912834 8,819513 -2,202229
3,222000 2,177000 1,458000

-45,775154 8,704265 -2,764500
3,079998 1,928000 1,316000

17,509695 -2,012694 0,099173
0,574999 0,533000 1,819000

68,300453 -2,678891 1,240348
1,151001 2,047000 2,432000

29,724789 13,315455 0,084364
0,932999 0,808000 2,172000

-61,634357 14,349097 2,169032
4,238998 2,738000 0,799000

-6,204101 -9,089491 -1,190093
1,939000 1,631001 1,929000

12,277872 -10,800859 -0,088130
1,351001 0,320001 1,192000

69,763901 13,312901 1,070400
0,174995 0,353999 2,064000

58,976402 13,165999 0,207800
4,513000 0,813000 1,410000

49,510094 2,664682 0,272546
0,400002 1,425000 0,580000

-35,517746 8,446937 -2,387312
2,832001 0,575000 1,050000

26,128220 17,304956 -1,736130
3,409000 4,572999 0,331000

13,246572 16,903286 -1,503929
3,547000 4,467999 0,422000

4,035461 17,155710 -1,466354
1,892000 1,746000 0,685000

4,645393 16,335144 -1,274250
1,074000 0,122000 0,308000

-11,595627 8,787214 -1,663228
4,482000 2,296000 1,417000

-6,437215 -13,124657 -1,240582
3,634000 4,097000 0,355000

2,178500 18,455334 -1,625250
0,846000 3,601999 0,352000

-7,815066 -11,216100 -1,336016
2,972000 2,797000 0,344000

1,766609 18,148607 -1,973217
0,713000 3,717001 0,472000

-4,275455 15,139909 -1,615909
1,332000 4,650001 0,499000

2,265900 17,933500 -1,970450
0,752000 3,622999 0,463000

2,762333 15,936501 -1,819583
0,563000 2,700001 0,329000

