-28,137634 8,317138 -2,102273
1,938002 0,731000 1,137000

-16,124762 8,773894 -1,475511
3,714999 1,665000 1,392000

-41,527149 8,113072 -2,130536
4,821999 0,943000 0,819000

-33,779919 -10,559584 -1,686167
2,172997 0,849000 0,720000

-51,315998 7,643692 -2,123539
1,072998 1,012000 0,656000

-30,606543 8,424002 -1,805396
3,052999 1,566000 1,397000

7,138318 8,715979 -1,207592
4,623000 1,869000 1,401000

-59,731258 7,173211 -2,122579
0,878998 1,447000 1,117000

-35,056477 8,493713 -1,811524
3,653999 1,761000 1,462000

-25,357943 9,110475 -1,643011
3,007000 1,796000 1,608000

1,796408 19,411207 -0,771796
1,220000 4,359999 0,545000

31,731165 12,230316 -1,222448
3,968000 1,606000 0,651000

21,186716 -11,520286 -0,990500
0,664999 0,307000 0,582000

52,837612 19,771233 -1,155308
2,966000 0,653000 0,352000

-8,983000 15,355999 -0,190421
0,837001 1,086000 0,314000

-9,160363 31,339544 -0,274182
0,819000 3,115999 0,561000

0,321882 18,820023 0,408853
1,507000 3,993000 0,905000

1,025316 17,581263 0,672105
0,232000 1,379000 0,353000

7,744080 13,026465 -0,295517
2,147000 4,098001 1,781000

34,430336 21,169399 1,472600
2,261997 2,553001 0,317000

32,868801 19,466801 0,873867
0,435001 0,474001 1,360000

34,231911 18,021553 1,093589
4,517002 1,523001 1,975000

27,714836 13,136342 0,065192
0,438999 0,472000 2,027000

47,090473 20,012060 1,370177
3,325001 1,712000 1,608000

33,504269 13,028729 0,972595
0,694000 1,526000 1,522000

49,420700 13,193899 0,899400
2,834000 0,843000 2,475000

37,731308 -1,975000 0,184083
0,639000 0,666000 2,735000

-32,581612 -13,792077 1,209846
3,622999 1,661000 0,672000

-31,758976 -9,687146 -0,151667
3,153999 1,694000 3,470000

-34,990040 -9,460042 1,269584
4,111000 1,237000 0,421000

62,986969 20,082243 -0,125103
3,327000 1,905001 1,597000

31,365997 -14,986917 1,196667
0,363001 0,290000 0,392000

-59,955982 12,975639 1,811020
2,111000 2,865000 1,492000

59,935696 13,349914 0,478261
0,415001 0,855000 2,555000

44,802071 13,440981 -0,430815
2,697002 1,452000 3,075000

16,521832 -10,591172 -0,417948
3,265000 1,702000 1,216000

34,736462 -10,754668 -0,480167
4,868999 1,524000 1,514000

70,353172 2,705400 -0,411400
1,404007 3,115000 1,219000

-11,067729 8,745213 -1,427395
3,864000 2,094000 1,397000

4,534400 12,377919 -1,463436
4,238000 3,050000 0,949000

-1,706154 -11,475539 -1,537192
0,581000 2,176001 0,300000

