-2,422430 -3,848140 -1,756015
1,923000 2,950000 1,309000

-5,702625 15,510875 -1,090937
1,143000 2,681000 0,507000

-19,230312 8,525724 -1,748931
3,872999 1,993000 1,300000

0,980836 16,733482 -1,172200
1,866000 3,214000 1,158000

5,868941 16,609209 -1,121540
0,871000 2,895000 1,416000

38,672127 6,971562 -1,288125
3,368000 0,553000 0,798000

23,421867 8,285927 -1,147638
4,020000 2,001000 1,234000

29,348974 7,941604 -1,101789
1,357000 1,211000 0,737000

-23,778784 14,907288 0,367214
0,241001 0,441000 0,650000

8,854185 15,338519 0,084111
0,908000 1,419000 0,794000

27,257751 -11,064590 0,082842
1,751001 1,287001 2,313000

6,604082 -9,071808 -0,492096
1,003000 0,856000 1,997000

1,110577 -9,318069 -0,352747
1,027000 1,422000 1,977000

0,675808 -9,857576 0,128596
0,326000 1,205999 0,839000

-51,048790 15,144896 -0,425579
2,761997 1,125000 2,904000

0,106846 15,784154 -1,186077
0,324000 3,414001 0,455000

-1,728682 -9,483364 0,336091
0,243000 0,279000 0,349000

31,568153 -11,408384 0,877846
1,005001 0,290999 1,059000

34,223114 -10,678870 0,297447
1,403000 1,142000 2,375000

76,146194 8,375375 1,593250
0,528000 0,716001 2,711000

14,595626 18,307814 0,821063
3,143999 4,091000 0,561000

3,359413 16,507435 -0,581167
3,350000 1,932001 2,658000

-9,166734 15,358933 0,260833
0,151000 0,112000 1,183000

-17,239534 22,256254 0,609340
2,730000 3,991999 1,042000

-17,988405 14,967752 0,745562
0,483999 0,407001 0,720000

-36,491089 27,352697 0,959734
1,275002 1,890001 1,930000

75,826462 11,794546 -0,175364
4,513000 0,671000 0,954000

-3,304435 16,139412 -0,400423
1,665000 2,381000 0,716000

-17,082563 22,140251 -0,436969
2,410999 3,941999 0,592000

34,643543 7,423583 -1,260542
3,496998 0,808000 1,320000

14,048523 8,508807 -1,128895
4,144001 1,982000 1,719000

8,470942 9,757548 -0,289059
1,632000 1,775000 0,323000

-4,416000 16,404285 -1,414643
0,934000 2,451000 0,336000

-6,213274 15,740637 -1,461091
1,002000 2,396000 0,445000

-5,825814 16,103930 -1,744186
1,772000 3,752999 0,662000

-4,063684 15,338736 -1,609632
0,522000 1,653001 0,455000

1,029765 -12,506588 -1,356235
0,249000 3,394000 0,339000

-2,938700 15,466600 -1,594600
0,543000 2,198001 0,330000

-6,010786 15,159357 -1,707286
0,856000 1,965000 0,350000

-2,696158 16,108999 -1,730421
1,011000 4,108001 0,421000

