-15,882301 8,789462 -1,578994
1,311001 1,994000 1,372000

-10,284311 8,772002 -1,457585
3,637000 1,861000 1,498000

-27,870089 -11,853726 -1,564909
0,930000 0,271000 0,361000

-20,450514 8,309012 -1,640078
2,913000 1,011000 1,294000

-21,782160 16,881001 -1,032789
3,921000 2,499999 0,313000

1,565727 18,625456 -0,850636
0,216000 1,534000 0,466000

34,813580 7,035473 -1,526631
3,742001 1,488000 0,471000

31,854727 7,756199 -1,235291
1,334999 1,648000 0,854000

25,288902 7,588500 -1,357900
1,045000 0,385000 1,120000

38,439045 7,035954 -1,131955
4,079998 1,093000 0,930000

-26,207249 12,071376 0,605812
0,441999 0,561000 0,569000

73,181885 -12,563875 0,956562
2,600998 2,136000 3,113000

-42,699707 18,650293 1,433353
1,663002 1,062000 0,529000

-36,613834 43,167206 1,725034
2,289001 3,394001 0,687000

-7,949286 22,007809 0,786048
1,449000 3,686001 0,403000

-3,366706 19,594908 0,188882
0,254000 0,181000 1,313000

0,146385 15,532694 0,538846
0,146000 0,070000 0,371000

3,172285 21,285002 0,675143
0,444000 3,438000 0,524000

3,873000 14,728116 -0,997176
0,333000 0,655000 0,316000

9,752068 -9,670467 -0,248117
1,599000 1,371000 1,965000

15,297750 -9,325728 -0,365074
2,048001 1,053000 2,175000

35,887558 -11,963584 0,370029
1,986000 1,330000 2,488000

68,076363 10,135695 0,932972
2,681000 1,803000 2,899000

24,815933 17,918760 0,772793
3,052999 2,617001 0,993000

7,068000 15,539999 0,063522
0,628000 0,978000 1,345000

18,016535 14,986800 0,072733
1,472000 1,197000 0,735000

15,159781 8,477512 -0,844821
4,223001 1,838000 2,197000

5,703422 16,224169 -0,264616
2,074000 2,629999 0,765000

0,138687 15,528750 0,003312
0,195000 0,128000 0,384000

-39,953835 30,303919 0,383667
4,706997 3,626001 0,611000

40,587994 -12,388000 -0,372571
0,538998 0,410000 1,048000

15,625203 16,410173 -1,084018
3,462000 2,827001 1,671000

-14,065000 23,470331 -0,362333
1,498000 3,011000 0,342000

-43,763000 22,880053 -0,561000
3,599998 2,816000 0,948000

22,513741 8,212268 -1,324528
2,304001 2,026000 1,496000

-18,272938 8,276290 -1,774758
1,750999 0,985000 1,053000

-23,484932 7,765467 -1,946467
0,716000 0,261000 0,629000

2,845400 15,168798 -1,209800
0,496000 1,769000 0,352000

-8,294268 16,868366 -1,586767
1,862000 3,114001 0,614000

-2,462000 15,841999 -1,373667
0,730000 3,375000 0,454000

5,872334 15,931667 -1,609167
1,013000 1,993001 0,321000

6,201769 15,869154 -1,730923
1,915000 4,154000 0,414000

1,078000 15,970917 -1,648000
0,346000 1,898001 0,412000

-5,982904 17,865236 -2,014190
2,212000 4,179000 0,427000

