-41,833698 14,277100 -1,994500
4,575001 1,414001 0,618000

-32,239063 17,241062 -2,119937
2,423000 1,260000 1,069000

-12,219167 17,091127 -1,008042
2,401000 2,480000 0,391000

-36,661289 13,867676 -2,020903
1,485001 0,290000 1,224000

-44,134861 25,927763 -2,571634
1,896000 0,831001 1,229000

31,964777 7,937325 -1,401982
1,966002 2,122000 0,702000

-3,218632 24,165314 -0,877632
0,997000 4,129000 0,455000

-1,040000 22,052299 -0,749500
0,271000 1,823000 0,329000

-59,263905 11,191700 -2,174300
1,035000 0,311000 1,461000

-52,485092 25,921364 1,783636
1,322998 1,118000 0,643000

-32,587002 17,439999 1,016800
0,209000 0,214001 0,881000

-16,631397 12,444999 0,624800
0,498001 0,450000 0,639000

-28,010414 38,133114 1,695882
2,692999 3,580002 0,606000

-17,020130 28,659676 0,654026
1,707998 1,880001 1,854000

52,066895 -12,552949 0,727544
1,200001 1,248000 2,582000

44,875088 -12,500950 0,726450
1,987000 2,265000 2,574000

24,342869 -9,740423 0,140659
1,662001 0,833000 2,216000

18,880327 -9,916040 0,029588
3,108002 1,418000 2,046000

-27,723589 41,560528 -0,949118
1,407000 2,344002 1,257000

-0,345133 23,220936 -0,259333
0,369000 3,823999 0,348000

77,869576 8,736422 1,180737
1,445999 1,664000 2,789000

34,627350 17,104219 1,082261
3,145000 2,065001 0,978000

23,248192 19,578857 0,632190
3,150000 3,121000 1,316000

6,146531 19,410000 0,103094
0,762000 2,334000 1,616000

0,837308 15,513386 0,555308
0,110000 0,086000 0,370000

-34,951248 16,385063 -0,602140
2,188999 2,068000 3,336000

-48,852921 -9,698167 -0,087250
0,336002 0,315000 2,355000

-39,416946 13,877052 0,260316
0,452000 0,526000 1,222000

15,368548 16,032902 -0,078096
2,169001 2,452000 0,660000

-21,889143 19,558287 0,055357
0,613998 0,188000 0,507000

24,494778 8,251929 -0,814476
4,287001 2,017000 1,865000

16,597000 15,449078 -0,116385
0,173000 0,166000 0,558000

-32,550285 26,675358 -0,237500
4,001001 3,473001 1,076000

25,794636 16,088505 -0,900689
3,961000 2,307001 1,643000

-34,162647 26,468645 -0,230357
4,490002 3,113998 0,861000

-32,609295 17,391701 -0,541200
0,179001 0,122999 0,894000

1,701259 19,535446 -1,318815
0,770000 2,685999 0,438000

-11,513146 8,515693 -1,595810
4,870999 2,705000 1,365000

-7,484081 8,644326 -1,455258
3,710000 2,238000 1,349000

1,726185 18,910225 -1,588074
1,108000 4,563999 0,473000

-1,518929 8,659326 -1,385705
3,619000 1,250000 1,340000

1,955549 17,137194 -1,563645
0,808000 2,987000 0,603000

-1,509273 10,053091 -0,887909
0,105000 0,098001 0,316000

-2,308720 10,068319 -0,953560
0,531000 0,221000 0,405000

4,283043 19,212303 -1,987913
1,994000 4,227000 0,383000

-7,047316 9,844394 -2,067895
1,081000 1,717000 0,342000

-41,833698 14,277100 -1,994500
4,575001 1,414001 0,618000

-32,239063 17,241062 -2,119937
2,423000 1,260000 1,069000

-12,219167 17,091127 -1,008042
2,401000 2,480000 0,391000

-36,661289 13,867676 -2,020903
1,485001 0,290000 1,224000

-44,134861 25,927763 -2,571634
1,896000 0,831001 1,229000

31,964777 7,937325 -1,401982
1,966002 2,122000 0,702000

-3,218632 24,165314 -0,877632
0,997000 4,129000 0,455000

-1,040000 22,052299 -0,749500
0,271000 1,823000 0,329000

-59,263905 11,191700 -2,174300
1,035000 0,311000 1,461000

-52,485092 25,921364 1,783636
1,322998 1,118000 0,643000

-32,587002 17,439999 1,016800
0,209000 0,214001 0,881000

-16,631397 12,444999 0,624800
0,498001 0,450000 0,639000

-28,010414 38,133114 1,695882
2,692999 3,580002 0,606000

-17,020130 28,659676 0,654026
1,707998 1,880001 1,854000

52,066895 -12,552949 0,727544
1,200001 1,248000 2,582000

44,875088 -12,500950 0,726450
1,987000 2,265000 2,574000

24,342869 -9,740423 0,140659
1,662001 0,833000 2,216000

18,880327 -9,916040 0,029588
3,108002 1,418000 2,046000

-27,723589 41,560528 -0,949118
1,407000 2,344002 1,257000

-0,345133 23,220936 -0,259333
0,369000 3,823999 0,348000

77,869576 8,736422 1,180737
1,445999 1,664000 2,789000

34,627350 17,104219 1,082261
3,145000 2,065001 0,978000

23,248192 19,578857 0,632190
3,150000 3,121000 1,316000

6,146531 19,410000 0,103094
0,762000 2,334000 1,616000

0,837308 15,513386 0,555308
0,110000 0,086000 0,370000

-34,951248 16,385063 -0,602140
2,188999 2,068000 3,336000

-48,852921 -9,698167 -0,087250
0,336002 0,315000 2,355000

-39,416946 13,877052 0,260316
0,452000 0,526000 1,222000

15,368548 16,032902 -0,078096
2,169001 2,452000 0,660000

-21,889143 19,558287 0,055357
0,613998 0,188000 0,507000

24,494778 8,251929 -0,814476
4,287001 2,017000 1,865000

16,597000 15,449078 -0,116385
0,173000 0,166000 0,558000

-32,550285 26,675358 -0,237500
4,001001 3,473001 1,076000

25,794636 16,088505 -0,900689
3,961000 2,307001 1,643000

-34,162647 26,468645 -0,230357
4,490002 3,113998 0,861000

-32,609295 17,391701 -0,541200
0,179001 0,122999 0,894000

1,701259 19,535446 -1,318815
0,770000 2,685999 0,438000

-11,513146 8,515693 -1,595810
4,870999 2,705000 1,365000

-7,484081 8,644326 -1,455258
3,710000 2,238000 1,349000

1,726185 18,910225 -1,588074
1,108000 4,563999 0,473000

-1,518929 8,659326 -1,385705
3,619000 1,250000 1,340000

1,955549 17,137194 -1,563645
0,808000 2,987000 0,603000

-1,509273 10,053091 -0,887909
0,105000 0,098001 0,316000

-2,308720 10,068319 -0,953560
0,531000 0,221000 0,405000

4,283043 19,212303 -1,987913
1,994000 4,227000 0,383000

-7,047316 9,844394 -2,067895
1,081000 1,717000 0,342000

-41,833698 14,277100 -1,994500
4,575001 1,414001 0,618000

-32,239063 17,241062 -2,119937
2,423000 1,260000 1,069000

-12,219167 17,091127 -1,008042
2,401000 2,480000 0,391000

-36,661289 13,867676 -2,020903
1,485001 0,290000 1,224000

-44,134861 25,927763 -2,571634
1,896000 0,831001 1,229000

31,964777 7,937325 -1,401982
1,966002 2,122000 0,702000

-3,218632 24,165314 -0,877632
0,997000 4,129000 0,455000

-1,040000 22,052299 -0,749500
0,271000 1,823000 0,329000

-59,263905 11,191700 -2,174300
1,035000 0,311000 1,461000

-52,485092 25,921364 1,783636
1,322998 1,118000 0,643000

-32,587002 17,439999 1,016800
0,209000 0,214001 0,881000

-16,631397 12,444999 0,624800
0,498001 0,450000 0,639000

-28,010414 38,133114 1,695882
2,692999 3,580002 0,606000

-17,020130 28,659676 0,654026
1,707998 1,880001 1,854000

52,066895 -12,552949 0,727544
1,200001 1,248000 2,582000

44,875088 -12,500950 0,726450
1,987000 2,265000 2,574000

24,342869 -9,740423 0,140659
1,662001 0,833000 2,216000

18,880327 -9,916040 0,029588
3,108002 1,418000 2,046000

-27,723589 41,560528 -0,949118
1,407000 2,344002 1,257000

-0,345133 23,220936 -0,259333
0,369000 3,823999 0,348000

77,869576 8,736422 1,180737
1,445999 1,664000 2,789000

34,627350 17,104219 1,082261
3,145000 2,065001 0,978000

23,248192 19,578857 0,632190
3,150000 3,121000 1,316000

6,146531 19,410000 0,103094
0,762000 2,334000 1,616000

0,837308 15,513386 0,555308
0,110000 0,086000 0,370000

-34,951248 16,385063 -0,602140
2,188999 2,068000 3,336000

-48,852921 -9,698167 -0,087250
0,336002 0,315000 2,355000

-39,416946 13,877052 0,260316
0,452000 0,526000 1,222000

15,368548 16,032902 -0,078096
2,169001 2,452000 0,660000

-21,889143 19,558287 0,055357
0,613998 0,188000 0,507000

24,494778 8,251929 -0,814476
4,287001 2,017000 1,865000

16,597000 15,449078 -0,116385
0,173000 0,166000 0,558000

-32,550285 26,675358 -0,237500
4,001001 3,473001 1,076000

25,794636 16,088505 -0,900689
3,961000 2,307001 1,643000

-34,162647 26,468645 -0,230357
4,490002 3,113998 0,861000

-32,609295 17,391701 -0,541200
0,179001 0,122999 0,894000

1,701259 19,535446 -1,318815
0,770000 2,685999 0,438000

-11,513146 8,515693 -1,595810
4,870999 2,705000 1,365000

-7,484081 8,644326 -1,455258
3,710000 2,238000 1,349000

1,726185 18,910225 -1,588074
1,108000 4,563999 0,473000

-1,518929 8,659326 -1,385705
3,619000 1,250000 1,340000

1,955549 17,137194 -1,563645
0,808000 2,987000 0,603000

-1,509273 10,053091 -0,887909
0,105000 0,098001 0,316000

-2,308720 10,068319 -0,953560
0,531000 0,221000 0,405000

4,283043 19,212303 -1,987913
1,994000 4,227000 0,383000

-7,047316 9,844394 -2,067895
1,081000 1,717000 0,342000

-41,833698 14,277100 -1,994500
4,575001 1,414001 0,618000

-32,239063 17,241062 -2,119937
2,423000 1,260000 1,069000

-12,219167 17,091127 -1,008042
2,401000 2,480000 0,391000

-36,661289 13,867676 -2,020903
1,485001 0,290000 1,224000

-44,134861 25,927763 -2,571634
1,896000 0,831001 1,229000

31,964777 7,937325 -1,401982
1,966002 2,122000 0,702000

-3,218632 24,165314 -0,877632
0,997000 4,129000 0,455000

-1,040000 22,052299 -0,749500
0,271000 1,823000 0,329000

-59,263905 11,191700 -2,174300
1,035000 0,311000 1,461000

-52,485092 25,921364 1,783636
1,322998 1,118000 0,643000

-32,587002 17,439999 1,016800
0,209000 0,214001 0,881000

-16,631397 12,444999 0,624800
0,498001 0,450000 0,639000

-28,010414 38,133114 1,695882
2,692999 3,580002 0,606000

-17,020130 28,659676 0,654026
1,707998 1,880001 1,854000

52,066895 -12,552949 0,727544
1,200001 1,248000 2,582000

44,875088 -12,500950 0,726450
1,987000 2,265000 2,574000

24,342869 -9,740423 0,140659
1,662001 0,833000 2,216000

18,880327 -9,916040 0,029588
3,108002 1,418000 2,046000

-27,723589 41,560528 -0,949118
1,407000 2,344002 1,257000

-0,345133 23,220936 -0,259333
0,369000 3,823999 0,348000

77,869576 8,736422 1,180737
1,445999 1,664000 2,789000

34,627350 17,104219 1,082261
3,145000 2,065001 0,978000

23,248192 19,578857 0,632190
3,150000 3,121000 1,316000

6,146531 19,410000 0,103094
0,762000 2,334000 1,616000

0,837308 15,513386 0,555308
0,110000 0,086000 0,370000

-34,951248 16,385063 -0,602140
2,188999 2,068000 3,336000

-48,852921 -9,698167 -0,087250
0,336002 0,315000 2,355000

-39,416946 13,877052 0,260316
0,452000 0,526000 1,222000

15,368548 16,032902 -0,078096
2,169001 2,452000 0,660000

-21,889143 19,558287 0,055357
0,613998 0,188000 0,507000

24,494778 8,251929 -0,814476
4,287001 2,017000 1,865000

16,597000 15,449078 -0,116385
0,173000 0,166000 0,558000

-32,550285 26,675358 -0,237500
4,001001 3,473001 1,076000

25,794636 16,088505 -0,900689
3,961000 2,307001 1,643000

-34,162647 26,468645 -0,230357
4,490002 3,113998 0,861000

-32,609295 17,391701 -0,541200
0,179001 0,122999 0,894000

1,701259 19,535446 -1,318815
0,770000 2,685999 0,438000

-11,513146 8,515693 -1,595810
4,870999 2,705000 1,365000

-7,484081 8,644326 -1,455258
3,710000 2,238000 1,349000

1,726185 18,910225 -1,588074
1,108000 4,563999 0,473000

-1,518929 8,659326 -1,385705
3,619000 1,250000 1,340000

1,955549 17,137194 -1,563645
0,808000 2,987000 0,603000

-1,509273 10,053091 -0,887909
0,105000 0,098001 0,316000

-2,308720 10,068319 -0,953560
0,531000 0,221000 0,405000

4,283043 19,212303 -1,987913
1,994000 4,227000 0,383000

-7,047316 9,844394 -2,067895
1,081000 1,717000 0,342000

-41,833698 14,277100 -1,994500
4,575001 1,414001 0,618000

-32,239063 17,241062 -2,119937
2,423000 1,260000 1,069000

-12,219167 17,091127 -1,008042
2,401000 2,480000 0,391000

-36,661289 13,867676 -2,020903
1,485001 0,290000 1,224000

-44,134861 25,927763 -2,571634
1,896000 0,831001 1,229000

31,964777 7,937325 -1,401982
1,966002 2,122000 0,702000

-3,218632 24,165314 -0,877632
0,997000 4,129000 0,455000

-1,040000 22,052299 -0,749500
0,271000 1,823000 0,329000

-59,263905 11,191700 -2,174300
1,035000 0,311000 1,461000

-52,485092 25,921364 1,783636
1,322998 1,118000 0,643000

-32,587002 17,439999 1,016800
0,209000 0,214001 0,881000

-16,631397 12,444999 0,624800
0,498001 0,450000 0,639000

-28,010414 38,133114 1,695882
2,692999 3,580002 0,606000

-17,020130 28,659676 0,654026
1,707998 1,880001 1,854000

52,066895 -12,552949 0,727544
1,200001 1,248000 2,582000

44,875088 -12,500950 0,726450
1,987000 2,265000 2,574000

24,342869 -9,740423 0,140659
1,662001 0,833000 2,216000

18,880327 -9,916040 0,029588
3,108002 1,418000 2,046000

-27,723589 41,560528 -0,949118
1,407000 2,344002 1,257000

-0,345133 23,220936 -0,259333
0,369000 3,823999 0,348000

77,869576 8,736422 1,180737
1,445999 1,664000 2,789000

34,627350 17,104219 1,082261
3,145000 2,065001 0,978000

23,248192 19,578857 0,632190
3,150000 3,121000 1,316000

6,146531 19,410000 0,103094
0,762000 2,334000 1,616000

0,837308 15,513386 0,555308
0,110000 0,086000 0,370000

-34,951248 16,385063 -0,602140
2,188999 2,068000 3,336000

-48,852921 -9,698167 -0,087250
0,336002 0,315000 2,355000

-39,416946 13,877052 0,260316
0,452000 0,526000 1,222000

15,368548 16,032902 -0,078096
2,169001 2,452000 0,660000

-21,889143 19,558287 0,055357
0,613998 0,188000 0,507000

24,494778 8,251929 -0,814476
4,287001 2,017000 1,865000

16,597000 15,449078 -0,116385
0,173000 0,166000 0,558000

-32,550285 26,675358 -0,237500
4,001001 3,473001 1,076000

25,794636 16,088505 -0,900689
3,961000 2,307001 1,643000

-34,162647 26,468645 -0,230357
4,490002 3,113998 0,861000

-32,609295 17,391701 -0,541200
0,179001 0,122999 0,894000

1,701259 19,535446 -1,318815
0,770000 2,685999 0,438000

-11,513146 8,515693 -1,595810
4,870999 2,705000 1,365000

-7,484081 8,644326 -1,455258
3,710000 2,238000 1,349000

1,726185 18,910225 -1,588074
1,108000 4,563999 0,473000

-1,518929 8,659326 -1,385705
3,619000 1,250000 1,340000

1,955549 17,137194 -1,563645
0,808000 2,987000 0,603000

-1,509273 10,053091 -0,887909
0,105000 0,098001 0,316000

-2,308720 10,068319 -0,953560
0,531000 0,221000 0,405000

4,283043 19,212303 -1,987913
1,994000 4,227000 0,383000

-7,047316 9,844394 -2,067895
1,081000 1,717000 0,342000

-41,833698 14,277100 -1,994500
4,575001 1,414001 0,618000

-32,239063 17,241062 -2,119937
2,423000 1,260000 1,069000

-12,219167 17,091127 -1,008042
2,401000 2,480000 0,391000

-36,661289 13,867676 -2,020903
1,485001 0,290000 1,224000

-44,134861 25,927763 -2,571634
1,896000 0,831001 1,229000

31,964777 7,937325 -1,401982
1,966002 2,122000 0,702000

-3,218632 24,165314 -0,877632
0,997000 4,129000 0,455000

-1,040000 22,052299 -0,749500
0,271000 1,823000 0,329000

-59,263905 11,191700 -2,174300
1,035000 0,311000 1,461000

-52,485092 25,921364 1,783636
1,322998 1,118000 0,643000

-32,587002 17,439999 1,016800
0,209000 0,214001 0,881000

-16,631397 12,444999 0,624800
0,498001 0,450000 0,639000

-28,010414 38,133114 1,695882
2,692999 3,580002 0,606000

-17,020130 28,659676 0,654026
1,707998 1,880001 1,854000

52,066895 -12,552949 0,727544
1,200001 1,248000 2,582000

44,875088 -12,500950 0,726450
1,987000 2,265000 2,574000

24,342869 -9,740423 0,140659
1,662001 0,833000 2,216000

18,880327 -9,916040 0,029588
3,108002 1,418000 2,046000

-27,723589 41,560528 -0,949118
1,407000 2,344002 1,257000

-0,345133 23,220936 -0,259333
0,369000 3,823999 0,348000

77,869576 8,736422 1,180737
1,445999 1,664000 2,789000

34,627350 17,104219 1,082261
3,145000 2,065001 0,978000

23,248192 19,578857 0,632190
3,150000 3,121000 1,316000

6,146531 19,410000 0,103094
0,762000 2,334000 1,616000

0,837308 15,513386 0,555308
0,110000 0,086000 0,370000

-34,951248 16,385063 -0,602140
2,188999 2,068000 3,336000

-48,852921 -9,698167 -0,087250
0,336002 0,315000 2,355000

-39,416946 13,877052 0,260316
0,452000 0,526000 1,222000

15,368548 16,032902 -0,078096
2,169001 2,452000 0,660000

-21,889143 19,558287 0,055357
0,613998 0,188000 0,507000

24,494778 8,251929 -0,814476
4,287001 2,017000 1,865000

16,597000 15,449078 -0,116385
0,173000 0,166000 0,558000

-32,550285 26,675358 -0,237500
4,001001 3,473001 1,076000

25,794636 16,088505 -0,900689
3,961000 2,307001 1,643000

-34,162647 26,468645 -0,230357
4,490002 3,113998 0,861000

-32,609295 17,391701 -0,541200
0,179001 0,122999 0,894000

1,701259 19,535446 -1,318815
0,770000 2,685999 0,438000

-11,513146 8,515693 -1,595810
4,870999 2,705000 1,365000

-7,484081 8,644326 -1,455258
3,710000 2,238000 1,349000

1,726185 18,910225 -1,588074
1,108000 4,563999 0,473000

-1,518929 8,659326 -1,385705
3,619000 1,250000 1,340000

1,955549 17,137194 -1,563645
0,808000 2,987000 0,603000

-1,509273 10,053091 -0,887909
0,105000 0,098001 0,316000

-2,308720 10,068319 -0,953560
0,531000 0,221000 0,405000

4,283043 19,212303 -1,987913
1,994000 4,227000 0,383000

-7,047316 9,844394 -2,067895
1,081000 1,717000 0,342000

-41,833698 14,277100 -1,994500
4,575001 1,414001 0,618000

-32,239063 17,241062 -2,119937
2,423000 1,260000 1,069000

-12,219167 17,091127 -1,008042
2,401000 2,480000 0,391000

-36,661289 13,867676 -2,020903
1,485001 0,290000 1,224000

-44,134861 25,927763 -2,571634
1,896000 0,831001 1,229000

31,964777 7,937325 -1,401982
1,966002 2,122000 0,702000

-3,218632 24,165314 -0,877632
0,997000 4,129000 0,455000

-1,040000 22,052299 -0,749500
0,271000 1,823000 0,329000

-59,263905 11,191700 -2,174300
1,035000 0,311000 1,461000

-52,485092 25,921364 1,783636
1,322998 1,118000 0,643000

-32,587002 17,439999 1,016800
0,209000 0,214001 0,881000

-16,631397 12,444999 0,624800
0,498001 0,450000 0,639000

-28,010414 38,133114 1,695882
2,692999 3,580002 0,606000

-17,020130 28,659676 0,654026
1,707998 1,880001 1,854000

52,066895 -12,552949 0,727544
1,200001 1,248000 2,582000

44,875088 -12,500950 0,726450
1,987000 2,265000 2,574000

24,342869 -9,740423 0,140659
1,662001 0,833000 2,216000

18,880327 -9,916040 0,029588
3,108002 1,418000 2,046000

-27,723589 41,560528 -0,949118
1,407000 2,344002 1,257000

-0,345133 23,220936 -0,259333
0,369000 3,823999 0,348000

77,869576 8,736422 1,180737
1,445999 1,664000 2,789000

34,627350 17,104219 1,082261
3,145000 2,065001 0,978000

23,248192 19,578857 0,632190
3,150000 3,121000 1,316000

6,146531 19,410000 0,103094
0,762000 2,334000 1,616000

0,837308 15,513386 0,555308
0,110000 0,086000 0,370000

-34,951248 16,385063 -0,602140
2,188999 2,068000 3,336000

-48,852921 -9,698167 -0,087250
0,336002 0,315000 2,355000

-39,416946 13,877052 0,260316
0,452000 0,526000 1,222000

15,368548 16,032902 -0,078096
2,169001 2,452000 0,660000

-21,889143 19,558287 0,055357
0,613998 0,188000 0,507000

24,494778 8,251929 -0,814476
4,287001 2,017000 1,865000

16,597000 15,449078 -0,116385
0,173000 0,166000 0,558000

-32,550285 26,675358 -0,237500
4,001001 3,473001 1,076000

25,794636 16,088505 -0,900689
3,961000 2,307001 1,643000

-34,162647 26,468645 -0,230357
4,490002 3,113998 0,861000

-32,609295 17,391701 -0,541200
0,179001 0,122999 0,894000

1,701259 19,535446 -1,318815
0,770000 2,685999 0,438000

-11,513146 8,515693 -1,595810
4,870999 2,705000 1,365000

-7,484081 8,644326 -1,455258
3,710000 2,238000 1,349000

1,726185 18,910225 -1,588074
1,108000 4,563999 0,473000

-1,518929 8,659326 -1,385705
3,619000 1,250000 1,340000

1,955549 17,137194 -1,563645
0,808000 2,987000 0,603000

-1,509273 10,053091 -0,887909
0,105000 0,098001 0,316000

-2,308720 10,068319 -0,953560
0,531000 0,221000 0,405000

4,283043 19,212303 -1,987913
1,994000 4,227000 0,383000

-7,047316 9,844394 -2,067895
1,081000 1,717000 0,342000

-41,833698 14,277100 -1,994500
4,575001 1,414001 0,618000

-32,239063 17,241062 -2,119937
2,423000 1,260000 1,069000

-12,219167 17,091127 -1,008042
2,401000 2,480000 0,391000

-36,661289 13,867676 -2,020903
1,485001 0,290000 1,224000

-44,134861 25,927763 -2,571634
1,896000 0,831001 1,229000

31,964777 7,937325 -1,401982
1,966002 2,122000 0,702000

-3,218632 24,165314 -0,877632
0,997000 4,129000 0,455000

-1,040000 22,052299 -0,749500
0,271000 1,823000 0,329000

-59,263905 11,191700 -2,174300
1,035000 0,311000 1,461000

-52,485092 25,921364 1,783636
1,322998 1,118000 0,643000

-32,587002 17,439999 1,016800
0,209000 0,214001 0,881000

-16,631397 12,444999 0,624800
0,498001 0,450000 0,639000

-28,010414 38,133114 1,695882
2,692999 3,580002 0,606000

-17,020130 28,659676 0,654026
1,707998 1,880001 1,854000

52,066895 -12,552949 0,727544
1,200001 1,248000 2,582000

44,875088 -12,500950 0,726450
1,987000 2,265000 2,574000

24,342869 -9,740423 0,140659
1,662001 0,833000 2,216000

18,880327 -9,916040 0,029588
3,108002 1,418000 2,046000

-27,723589 41,560528 -0,949118
1,407000 2,344002 1,257000

-0,345133 23,220936 -0,259333
0,369000 3,823999 0,348000

77,869576 8,736422 1,180737
1,445999 1,664000 2,789000

34,627350 17,104219 1,082261
3,145000 2,065001 0,978000

23,248192 19,578857 0,632190
3,150000 3,121000 1,316000

6,146531 19,410000 0,103094
0,762000 2,334000 1,616000

0,837308 15,513386 0,555308
0,110000 0,086000 0,370000

-34,951248 16,385063 -0,602140
2,188999 2,068000 3,336000

-48,852921 -9,698167 -0,087250
0,336002 0,315000 2,355000

-39,416946 13,877052 0,260316
0,452000 0,526000 1,222000

15,368548 16,032902 -0,078096
2,169001 2,452000 0,660000

-21,889143 19,558287 0,055357
0,613998 0,188000 0,507000

24,494778 8,251929 -0,814476
4,287001 2,017000 1,865000

16,597000 15,449078 -0,116385
0,173000 0,166000 0,558000

-32,550285 26,675358 -0,237500
4,001001 3,473001 1,076000

25,794636 16,088505 -0,900689
3,961000 2,307001 1,643000

-34,162647 26,468645 -0,230357
4,490002 3,113998 0,861000

-32,609295 17,391701 -0,541200
0,179001 0,122999 0,894000

1,701259 19,535446 -1,318815
0,770000 2,685999 0,438000

-11,513146 8,515693 -1,595810
4,870999 2,705000 1,365000

-7,484081 8,644326 -1,455258
3,710000 2,238000 1,349000

1,726185 18,910225 -1,588074
1,108000 4,563999 0,473000

-1,518929 8,659326 -1,385705
3,619000 1,250000 1,340000

1,955549 17,137194 -1,563645
0,808000 2,987000 0,603000

-1,509273 10,053091 -0,887909
0,105000 0,098001 0,316000

-2,308720 10,068319 -0,953560
0,531000 0,221000 0,405000

4,283043 19,212303 -1,987913
1,994000 4,227000 0,383000

-7,047316 9,844394 -2,067895
1,081000 1,717000 0,342000

-41,833698 14,277100 -1,994500
4,575001 1,414001 0,618000

-32,239063 17,241062 -2,119937
2,423000 1,260000 1,069000

-12,219167 17,091127 -1,008042
2,401000 2,480000 0,391000

-36,661289 13,867676 -2,020903
1,485001 0,290000 1,224000

-44,134861 25,927763 -2,571634
1,896000 0,831001 1,229000

31,964777 7,937325 -1,401982
1,966002 2,122000 0,702000

-3,218632 24,165314 -0,877632
0,997000 4,129000 0,455000

-1,040000 22,052299 -0,749500
0,271000 1,823000 0,329000

-59,263905 11,191700 -2,174300
1,035000 0,311000 1,461000

-52,485092 25,921364 1,783636
1,322998 1,118000 0,643000

-32,587002 17,439999 1,016800
0,209000 0,214001 0,881000

-16,631397 12,444999 0,624800
0,498001 0,450000 0,639000

-28,010414 38,133114 1,695882
2,692999 3,580002 0,606000

-17,020130 28,659676 0,654026
1,707998 1,880001 1,854000

52,066895 -12,552949 0,727544
1,200001 1,248000 2,582000

44,875088 -12,500950 0,726450
1,987000 2,265000 2,574000

24,342869 -9,740423 0,140659
1,662001 0,833000 2,216000

18,880327 -9,916040 0,029588
3,108002 1,418000 2,046000

-27,723589 41,560528 -0,949118
1,407000 2,344002 1,257000

-0,345133 23,220936 -0,259333
0,369000 3,823999 0,348000

77,869576 8,736422 1,180737
1,445999 1,664000 2,789000

34,627350 17,104219 1,082261
3,145000 2,065001 0,978000

23,248192 19,578857 0,632190
3,150000 3,121000 1,316000

6,146531 19,410000 0,103094
0,762000 2,334000 1,616000

0,837308 15,513386 0,555308
0,110000 0,086000 0,370000

-34,951248 16,385063 -0,602140
2,188999 2,068000 3,336000

-48,852921 -9,698167 -0,087250
0,336002 0,315000 2,355000

-39,416946 13,877052 0,260316
0,452000 0,526000 1,222000

15,368548 16,032902 -0,078096
2,169001 2,452000 0,660000

-21,889143 19,558287 0,055357
0,613998 0,188000 0,507000

24,494778 8,251929 -0,814476
4,287001 2,017000 1,865000

16,597000 15,449078 -0,116385
0,173000 0,166000 0,558000

-32,550285 26,675358 -0,237500
4,001001 3,473001 1,076000

25,794636 16,088505 -0,900689
3,961000 2,307001 1,643000

-34,162647 26,468645 -0,230357
4,490002 3,113998 0,861000

-32,609295 17,391701 -0,541200
0,179001 0,122999 0,894000

1,701259 19,535446 -1,318815
0,770000 2,685999 0,438000

-11,513146 8,515693 -1,595810
4,870999 2,705000 1,365000

-7,484081 8,644326 -1,455258
3,710000 2,238000 1,349000

1,726185 18,910225 -1,588074
1,108000 4,563999 0,473000

-1,518929 8,659326 -1,385705
3,619000 1,250000 1,340000

1,955549 17,137194 -1,563645
0,808000 2,987000 0,603000

-1,509273 10,053091 -0,887909
0,105000 0,098001 0,316000

-2,308720 10,068319 -0,953560
0,531000 0,221000 0,405000

4,283043 19,212303 -1,987913
1,994000 4,227000 0,383000

-7,047316 9,844394 -2,067895
1,081000 1,717000 0,342000

-41,833698 14,277100 -1,994500
4,575001 1,414001 0,618000

-32,239063 17,241062 -2,119937
2,423000 1,260000 1,069000

-12,219167 17,091127 -1,008042
2,401000 2,480000 0,391000

-36,661289 13,867676 -2,020903
1,485001 0,290000 1,224000

-44,134861 25,927763 -2,571634
1,896000 0,831001 1,229000

31,964777 7,937325 -1,401982
1,966002 2,122000 0,702000

-3,218632 24,165314 -0,877632
0,997000 4,129000 0,455000

-1,040000 22,052299 -0,749500
0,271000 1,823000 0,329000

-59,263905 11,191700 -2,174300
1,035000 0,311000 1,461000

-52,485092 25,921364 1,783636
1,322998 1,118000 0,643000

-32,587002 17,439999 1,016800
0,209000 0,214001 0,881000

-16,631397 12,444999 0,624800
0,498001 0,450000 0,639000

-28,010414 38,133114 1,695882
2,692999 3,580002 0,606000

-17,020130 28,659676 0,654026
1,707998 1,880001 1,854000

52,066895 -12,552949 0,727544
1,200001 1,248000 2,582000

44,875088 -12,500950 0,726450
1,987000 2,265000 2,574000

24,342869 -9,740423 0,140659
1,662001 0,833000 2,216000

18,880327 -9,916040 0,029588
3,108002 1,418000 2,046000

-27,723589 41,560528 -0,949118
1,407000 2,344002 1,257000

-0,345133 23,220936 -0,259333
0,369000 3,823999 0,348000

77,869576 8,736422 1,180737
1,445999 1,664000 2,789000

34,627350 17,104219 1,082261
3,145000 2,065001 0,978000

23,248192 19,578857 0,632190
3,150000 3,121000 1,316000

6,146531 19,410000 0,103094
0,762000 2,334000 1,616000

0,837308 15,513386 0,555308
0,110000 0,086000 0,370000

-34,951248 16,385063 -0,602140
2,188999 2,068000 3,336000

-48,852921 -9,698167 -0,087250
0,336002 0,315000 2,355000

-39,416946 13,877052 0,260316
0,452000 0,526000 1,222000

15,368548 16,032902 -0,078096
2,169001 2,452000 0,660000

-21,889143 19,558287 0,055357
0,613998 0,188000 0,507000

24,494778 8,251929 -0,814476
4,287001 2,017000 1,865000

16,597000 15,449078 -0,116385
0,173000 0,166000 0,558000

-32,550285 26,675358 -0,237500
4,001001 3,473001 1,076000

25,794636 16,088505 -0,900689
3,961000 2,307001 1,643000

-34,162647 26,468645 -0,230357
4,490002 3,113998 0,861000

-32,609295 17,391701 -0,541200
0,179001 0,122999 0,894000

1,701259 19,535446 -1,318815
0,770000 2,685999 0,438000

-11,513146 8,515693 -1,595810
4,870999 2,705000 1,365000

-7,484081 8,644326 -1,455258
3,710000 2,238000 1,349000

1,726185 18,910225 -1,588074
1,108000 4,563999 0,473000

-1,518929 8,659326 -1,385705
3,619000 1,250000 1,340000

1,955549 17,137194 -1,563645
0,808000 2,987000 0,603000

-1,509273 10,053091 -0,887909
0,105000 0,098001 0,316000

-2,308720 10,068319 -0,953560
0,531000 0,221000 0,405000

4,283043 19,212303 -1,987913
1,994000 4,227000 0,383000

-7,047316 9,844394 -2,067895
1,081000 1,717000 0,342000

-41,833698 14,277100 -1,994500
4,575001 1,414001 0,618000

-32,239063 17,241062 -2,119937
2,423000 1,260000 1,069000

-12,219167 17,091127 -1,008042
2,401000 2,480000 0,391000

-36,661289 13,867676 -2,020903
1,485001 0,290000 1,224000

-44,134861 25,927763 -2,571634
1,896000 0,831001 1,229000

31,964777 7,937325 -1,401982
1,966002 2,122000 0,702000

-3,218632 24,165314 -0,877632
0,997000 4,129000 0,455000

-1,040000 22,052299 -0,749500
0,271000 1,823000 0,329000

-59,263905 11,191700 -2,174300
1,035000 0,311000 1,461000

-52,485092 25,921364 1,783636
1,322998 1,118000 0,643000

-32,587002 17,439999 1,016800
0,209000 0,214001 0,881000

-16,631397 12,444999 0,624800
0,498001 0,450000 0,639000

-28,010414 38,133114 1,695882
2,692999 3,580002 0,606000

-17,020130 28,659676 0,654026
1,707998 1,880001 1,854000

52,066895 -12,552949 0,727544
1,200001 1,248000 2,582000

44,875088 -12,500950 0,726450
1,987000 2,265000 2,574000

24,342869 -9,740423 0,140659
1,662001 0,833000 2,216000

18,880327 -9,916040 0,029588
3,108002 1,418000 2,046000

-27,723589 41,560528 -0,949118
1,407000 2,344002 1,257000

-0,345133 23,220936 -0,259333
0,369000 3,823999 0,348000

77,869576 8,736422 1,180737
1,445999 1,664000 2,789000

34,627350 17,104219 1,082261
3,145000 2,065001 0,978000

23,248192 19,578857 0,632190
3,150000 3,121000 1,316000

6,146531 19,410000 0,103094
0,762000 2,334000 1,616000

0,837308 15,513386 0,555308
0,110000 0,086000 0,370000

-34,951248 16,385063 -0,602140
2,188999 2,068000 3,336000

-48,852921 -9,698167 -0,087250
0,336002 0,315000 2,355000

-39,416946 13,877052 0,260316
0,452000 0,526000 1,222000

15,368548 16,032902 -0,078096
2,169001 2,452000 0,660000

-21,889143 19,558287 0,055357
0,613998 0,188000 0,507000

24,494778 8,251929 -0,814476
4,287001 2,017000 1,865000

16,597000 15,449078 -0,116385
0,173000 0,166000 0,558000

-32,550285 26,675358 -0,237500
4,001001 3,473001 1,076000

25,794636 16,088505 -0,900689
3,961000 2,307001 1,643000

-34,162647 26,468645 -0,230357
4,490002 3,113998 0,861000

-32,609295 17,391701 -0,541200
0,179001 0,122999 0,894000

1,701259 19,535446 -1,318815
0,770000 2,685999 0,438000

-11,513146 8,515693 -1,595810
4,870999 2,705000 1,365000

-7,484081 8,644326 -1,455258
3,710000 2,238000 1,349000

1,726185 18,910225 -1,588074
1,108000 4,563999 0,473000

-1,518929 8,659326 -1,385705
3,619000 1,250000 1,340000

1,955549 17,137194 -1,563645
0,808000 2,987000 0,603000

-1,509273 10,053091 -0,887909
0,105000 0,098001 0,316000

-2,308720 10,068319 -0,953560
0,531000 0,221000 0,405000

4,283043 19,212303 -1,987913
1,994000 4,227000 0,383000

-7,047316 9,844394 -2,067895
1,081000 1,717000 0,342000

-41,833698 14,277100 -1,994500
4,575001 1,414001 0,618000

-32,239063 17,241062 -2,119937
2,423000 1,260000 1,069000

-12,219167 17,091127 -1,008042
2,401000 2,480000 0,391000

-36,661289 13,867676 -2,020903
1,485001 0,290000 1,224000

-44,134861 25,927763 -2,571634
1,896000 0,831001 1,229000

31,964777 7,937325 -1,401982
1,966002 2,122000 0,702000

-3,218632 24,165314 -0,877632
0,997000 4,129000 0,455000

-1,040000 22,052299 -0,749500
0,271000 1,823000 0,329000

-59,263905 11,191700 -2,174300
1,035000 0,311000 1,461000

-52,485092 25,921364 1,783636
1,322998 1,118000 0,643000

-32,587002 17,439999 1,016800
0,209000 0,214001 0,881000

-16,631397 12,444999 0,624800
0,498001 0,450000 0,639000

-28,010414 38,133114 1,695882
2,692999 3,580002 0,606000

-17,020130 28,659676 0,654026
1,707998 1,880001 1,854000

52,066895 -12,552949 0,727544
1,200001 1,248000 2,582000

44,875088 -12,500950 0,726450
1,987000 2,265000 2,574000

24,342869 -9,740423 0,140659
1,662001 0,833000 2,216000

18,880327 -9,916040 0,029588
3,108002 1,418000 2,046000

-27,723589 41,560528 -0,949118
1,407000 2,344002 1,257000

-0,345133 23,220936 -0,259333
0,369000 3,823999 0,348000

77,869576 8,736422 1,180737
1,445999 1,664000 2,789000

34,627350 17,104219 1,082261
3,145000 2,065001 0,978000

23,248192 19,578857 0,632190
3,150000 3,121000 1,316000

6,146531 19,410000 0,103094
0,762000 2,334000 1,616000

0,837308 15,513386 0,555308
0,110000 0,086000 0,370000

-34,951248 16,385063 -0,602140
2,188999 2,068000 3,336000

-48,852921 -9,698167 -0,087250
0,336002 0,315000 2,355000

-39,416946 13,877052 0,260316
0,452000 0,526000 1,222000

15,368548 16,032902 -0,078096
2,169001 2,452000 0,660000

-21,889143 19,558287 0,055357
0,613998 0,188000 0,507000

24,494778 8,251929 -0,814476
4,287001 2,017000 1,865000

16,597000 15,449078 -0,116385
0,173000 0,166000 0,558000

-32,550285 26,675358 -0,237500
4,001001 3,473001 1,076000

25,794636 16,088505 -0,900689
3,961000 2,307001 1,643000

-34,162647 26,468645 -0,230357
4,490002 3,113998 0,861000

-32,609295 17,391701 -0,541200
0,179001 0,122999 0,894000

1,701259 19,535446 -1,318815
0,770000 2,685999 0,438000

-11,513146 8,515693 -1,595810
4,870999 2,705000 1,365000

-7,484081 8,644326 -1,455258
3,710000 2,238000 1,349000

1,726185 18,910225 -1,588074
1,108000 4,563999 0,473000

-1,518929 8,659326 -1,385705
3,619000 1,250000 1,340000

1,955549 17,137194 -1,563645
0,808000 2,987000 0,603000

-1,509273 10,053091 -0,887909
0,105000 0,098001 0,316000

-2,308720 10,068319 -0,953560
0,531000 0,221000 0,405000

4,283043 19,212303 -1,987913
1,994000 4,227000 0,383000

-7,047316 9,844394 -2,067895
1,081000 1,717000 0,342000

-41,833698 14,277100 -1,994500
4,575001 1,414001 0,618000

-32,239063 17,241062 -2,119937
2,423000 1,260000 1,069000

-12,219167 17,091127 -1,008042
2,401000 2,480000 0,391000

-36,661289 13,867676 -2,020903
1,485001 0,290000 1,224000

-44,134861 25,927763 -2,571634
1,896000 0,831001 1,229000

31,964777 7,937325 -1,401982
1,966002 2,122000 0,702000

-3,218632 24,165314 -0,877632
0,997000 4,129000 0,455000

-1,040000 22,052299 -0,749500
0,271000 1,823000 0,329000

-59,263905 11,191700 -2,174300
1,035000 0,311000 1,461000

-52,485092 25,921364 1,783636
1,322998 1,118000 0,643000

-32,587002 17,439999 1,016800
0,209000 0,214001 0,881000

-16,631397 12,444999 0,624800
0,498001 0,450000 0,639000

-28,010414 38,133114 1,695882
2,692999 3,580002 0,606000

-17,020130 28,659676 0,654026
1,707998 1,880001 1,854000

52,066895 -12,552949 0,727544
1,200001 1,248000 2,582000

44,875088 -12,500950 0,726450
1,987000 2,265000 2,574000

24,342869 -9,740423 0,140659
1,662001 0,833000 2,216000

18,880327 -9,916040 0,029588
3,108002 1,418000 2,046000

-27,723589 41,560528 -0,949118
1,407000 2,344002 1,257000

-0,345133 23,220936 -0,259333
0,369000 3,823999 0,348000

77,869576 8,736422 1,180737
1,445999 1,664000 2,789000

34,627350 17,104219 1,082261
3,145000 2,065001 0,978000

23,248192 19,578857 0,632190
3,150000 3,121000 1,316000

6,146531 19,410000 0,103094
0,762000 2,334000 1,616000

0,837308 15,513386 0,555308
0,110000 0,086000 0,370000

-34,951248 16,385063 -0,602140
2,188999 2,068000 3,336000

-48,852921 -9,698167 -0,087250
0,336002 0,315000 2,355000

-39,416946 13,877052 0,260316
0,452000 0,526000 1,222000

15,368548 16,032902 -0,078096
2,169001 2,452000 0,660000

-21,889143 19,558287 0,055357
0,613998 0,188000 0,507000

24,494778 8,251929 -0,814476
4,287001 2,017000 1,865000

16,597000 15,449078 -0,116385
0,173000 0,166000 0,558000

-32,550285 26,675358 -0,237500
4,001001 3,473001 1,076000

25,794636 16,088505 -0,900689
3,961000 2,307001 1,643000

-34,162647 26,468645 -0,230357
4,490002 3,113998 0,861000

-32,609295 17,391701 -0,541200
0,179001 0,122999 0,894000

1,701259 19,535446 -1,318815
0,770000 2,685999 0,438000

-11,513146 8,515693 -1,595810
4,870999 2,705000 1,365000

-7,484081 8,644326 -1,455258
3,710000 2,238000 1,349000

1,726185 18,910225 -1,588074
1,108000 4,563999 0,473000

-1,518929 8,659326 -1,385705
3,619000 1,250000 1,340000

1,955549 17,137194 -1,563645
0,808000 2,987000 0,603000

-1,509273 10,053091 -0,887909
0,105000 0,098001 0,316000

-2,308720 10,068319 -0,953560
0,531000 0,221000 0,405000

4,283043 19,212303 -1,987913
1,994000 4,227000 0,383000

-7,047316 9,844394 -2,067895
1,081000 1,717000 0,342000

-41,833698 14,277100 -1,994500
4,575001 1,414001 0,618000

-32,239063 17,241062 -2,119937
2,423000 1,260000 1,069000

-12,219167 17,091127 -1,008042
2,401000 2,480000 0,391000

-36,661289 13,867676 -2,020903
1,485001 0,290000 1,224000

-44,134861 25,927763 -2,571634
1,896000 0,831001 1,229000

31,964777 7,937325 -1,401982
1,966002 2,122000 0,702000

-3,218632 24,165314 -0,877632
0,997000 4,129000 0,455000

-1,040000 22,052299 -0,749500
0,271000 1,823000 0,329000

-59,263905 11,191700 -2,174300
1,035000 0,311000 1,461000

-52,485092 25,921364 1,783636
1,322998 1,118000 0,643000

-32,587002 17,439999 1,016800
0,209000 0,214001 0,881000

-16,631397 12,444999 0,624800
0,498001 0,450000 0,639000

-28,010414 38,133114 1,695882
2,692999 3,580002 0,606000

-17,020130 28,659676 0,654026
1,707998 1,880001 1,854000

52,066895 -12,552949 0,727544
1,200001 1,248000 2,582000

44,875088 -12,500950 0,726450
1,987000 2,265000 2,574000

24,342869 -9,740423 0,140659
1,662001 0,833000 2,216000

18,880327 -9,916040 0,029588
3,108002 1,418000 2,046000

-27,723589 41,560528 -0,949118
1,407000 2,344002 1,257000

-0,345133 23,220936 -0,259333
0,369000 3,823999 0,348000

77,869576 8,736422 1,180737
1,445999 1,664000 2,789000

34,627350 17,104219 1,082261
3,145000 2,065001 0,978000

23,248192 19,578857 0,632190
3,150000 3,121000 1,316000

6,146531 19,410000 0,103094
0,762000 2,334000 1,616000

0,837308 15,513386 0,555308
0,110000 0,086000 0,370000

-34,951248 16,385063 -0,602140
2,188999 2,068000 3,336000

-48,852921 -9,698167 -0,087250
0,336002 0,315000 2,355000

-39,416946 13,877052 0,260316
0,452000 0,526000 1,222000

15,368548 16,032902 -0,078096
2,169001 2,452000 0,660000

-21,889143 19,558287 0,055357
0,613998 0,188000 0,507000

24,494778 8,251929 -0,814476
4,287001 2,017000 1,865000

16,597000 15,449078 -0,116385
0,173000 0,166000 0,558000

-32,550285 26,675358 -0,237500
4,001001 3,473001 1,076000

25,794636 16,088505 -0,900689
3,961000 2,307001 1,643000

-34,162647 26,468645 -0,230357
4,490002 3,113998 0,861000

-32,609295 17,391701 -0,541200
0,179001 0,122999 0,894000

1,701259 19,535446 -1,318815
0,770000 2,685999 0,438000

-11,513146 8,515693 -1,595810
4,870999 2,705000 1,365000

-7,484081 8,644326 -1,455258
3,710000 2,238000 1,349000

1,726185 18,910225 -1,588074
1,108000 4,563999 0,473000

-1,518929 8,659326 -1,385705
3,619000 1,250000 1,340000

1,955549 17,137194 -1,563645
0,808000 2,987000 0,603000

-1,509273 10,053091 -0,887909
0,105000 0,098001 0,316000

-2,308720 10,068319 -0,953560
0,531000 0,221000 0,405000

4,283043 19,212303 -1,987913
1,994000 4,227000 0,383000

-7,047316 9,844394 -2,067895
1,081000 1,717000 0,342000

-41,833698 14,277100 -1,994500
4,575001 1,414001 0,618000

-32,239063 17,241062 -2,119937
2,423000 1,260000 1,069000

-12,219167 17,091127 -1,008042
2,401000 2,480000 0,391000

-36,661289 13,867676 -2,020903
1,485001 0,290000 1,224000

-44,134861 25,927763 -2,571634
1,896000 0,831001 1,229000

31,964777 7,937325 -1,401982
1,966002 2,122000 0,702000

-3,218632 24,165314 -0,877632
0,997000 4,129000 0,455000

-1,040000 22,052299 -0,749500
0,271000 1,823000 0,329000

-59,263905 11,191700 -2,174300
1,035000 0,311000 1,461000

-52,485092 25,921364 1,783636
1,322998 1,118000 0,643000

-32,587002 17,439999 1,016800
0,209000 0,214001 0,881000

-16,631397 12,444999 0,624800
0,498001 0,450000 0,639000

-28,010414 38,133114 1,695882
2,692999 3,580002 0,606000

-17,020130 28,659676 0,654026
1,707998 1,880001 1,854000

52,066895 -12,552949 0,727544
1,200001 1,248000 2,582000

44,875088 -12,500950 0,726450
1,987000 2,265000 2,574000

24,342869 -9,740423 0,140659
1,662001 0,833000 2,216000

18,880327 -9,916040 0,029588
3,108002 1,418000 2,046000

-27,723589 41,560528 -0,949118
1,407000 2,344002 1,257000

-0,345133 23,220936 -0,259333
0,369000 3,823999 0,348000

77,869576 8,736422 1,180737
1,445999 1,664000 2,789000

34,627350 17,104219 1,082261
3,145000 2,065001 0,978000

23,248192 19,578857 0,632190
3,150000 3,121000 1,316000

6,146531 19,410000 0,103094
0,762000 2,334000 1,616000

0,837308 15,513386 0,555308
0,110000 0,086000 0,370000

-34,951248 16,385063 -0,602140
2,188999 2,068000 3,336000

-48,852921 -9,698167 -0,087250
0,336002 0,315000 2,355000

-39,416946 13,877052 0,260316
0,452000 0,526000 1,222000

15,368548 16,032902 -0,078096
2,169001 2,452000 0,660000

-21,889143 19,558287 0,055357
0,613998 0,188000 0,507000

24,494778 8,251929 -0,814476
4,287001 2,017000 1,865000

16,597000 15,449078 -0,116385
0,173000 0,166000 0,558000

-32,550285 26,675358 -0,237500
4,001001 3,473001 1,076000

25,794636 16,088505 -0,900689
3,961000 2,307001 1,643000

-34,162647 26,468645 -0,230357
4,490002 3,113998 0,861000

-32,609295 17,391701 -0,541200
0,179001 0,122999 0,894000

1,701259 19,535446 -1,318815
0,770000 2,685999 0,438000

-11,513146 8,515693 -1,595810
4,870999 2,705000 1,365000

-7,484081 8,644326 -1,455258
3,710000 2,238000 1,349000

1,726185 18,910225 -1,588074
1,108000 4,563999 0,473000

-1,518929 8,659326 -1,385705
3,619000 1,250000 1,340000

1,955549 17,137194 -1,563645
0,808000 2,987000 0,603000

-1,509273 10,053091 -0,887909
0,105000 0,098001 0,316000

-2,308720 10,068319 -0,953560
0,531000 0,221000 0,405000

4,283043 19,212303 -1,987913
1,994000 4,227000 0,383000

-7,047316 9,844394 -2,067895
1,081000 1,717000 0,342000

-41,833698 14,277100 -1,994500
4,575001 1,414001 0,618000

-32,239063 17,241062 -2,119937
2,423000 1,260000 1,069000

-12,219167 17,091127 -1,008042
2,401000 2,480000 0,391000

-36,661289 13,867676 -2,020903
1,485001 0,290000 1,224000

-44,134861 25,927763 -2,571634
1,896000 0,831001 1,229000

31,964777 7,937325 -1,401982
1,966002 2,122000 0,702000

-3,218632 24,165314 -0,877632
0,997000 4,129000 0,455000

-1,040000 22,052299 -0,749500
0,271000 1,823000 0,329000

-59,263905 11,191700 -2,174300
1,035000 0,311000 1,461000

-52,485092 25,921364 1,783636
1,322998 1,118000 0,643000

-32,587002 17,439999 1,016800
0,209000 0,214001 0,881000

-16,631397 12,444999 0,624800
0,498001 0,450000 0,639000

-28,010414 38,133114 1,695882
2,692999 3,580002 0,606000

-17,020130 28,659676 0,654026
1,707998 1,880001 1,854000

52,066895 -12,552949 0,727544
1,200001 1,248000 2,582000

44,875088 -12,500950 0,726450
1,987000 2,265000 2,574000

24,342869 -9,740423 0,140659
1,662001 0,833000 2,216000

18,880327 -9,916040 0,029588
3,108002 1,418000 2,046000

-27,723589 41,560528 -0,949118
1,407000 2,344002 1,257000

-0,345133 23,220936 -0,259333
0,369000 3,823999 0,348000

77,869576 8,736422 1,180737
1,445999 1,664000 2,789000

34,627350 17,104219 1,082261
3,145000 2,065001 0,978000

23,248192 19,578857 0,632190
3,150000 3,121000 1,316000

6,146531 19,410000 0,103094
0,762000 2,334000 1,616000

0,837308 15,513386 0,555308
0,110000 0,086000 0,370000

-34,951248 16,385063 -0,602140
2,188999 2,068000 3,336000

-48,852921 -9,698167 -0,087250
0,336002 0,315000 2,355000

-39,416946 13,877052 0,260316
0,452000 0,526000 1,222000

15,368548 16,032902 -0,078096
2,169001 2,452000 0,660000

-21,889143 19,558287 0,055357
0,613998 0,188000 0,507000

24,494778 8,251929 -0,814476
4,287001 2,017000 1,865000

16,597000 15,449078 -0,116385
0,173000 0,166000 0,558000

-32,550285 26,675358 -0,237500
4,001001 3,473001 1,076000

25,794636 16,088505 -0,900689
3,961000 2,307001 1,643000

-34,162647 26,468645 -0,230357
4,490002 3,113998 0,861000

-32,609295 17,391701 -0,541200
0,179001 0,122999 0,894000

1,701259 19,535446 -1,318815
0,770000 2,685999 0,438000

-11,513146 8,515693 -1,595810
4,870999 2,705000 1,365000

-7,484081 8,644326 -1,455258
3,710000 2,238000 1,349000

1,726185 18,910225 -1,588074
1,108000 4,563999 0,473000

-1,518929 8,659326 -1,385705
3,619000 1,250000 1,340000

1,955549 17,137194 -1,563645
0,808000 2,987000 0,603000

-1,509273 10,053091 -0,887909
0,105000 0,098001 0,316000

-2,308720 10,068319 -0,953560
0,531000 0,221000 0,405000

4,283043 19,212303 -1,987913
1,994000 4,227000 0,383000

-7,047316 9,844394 -2,067895
1,081000 1,717000 0,342000

-41,833698 14,277100 -1,994500
4,575001 1,414001 0,618000

-32,239063 17,241062 -2,119937
2,423000 1,260000 1,069000

-12,219167 17,091127 -1,008042
2,401000 2,480000 0,391000

-36,661289 13,867676 -2,020903
1,485001 0,290000 1,224000

-44,134861 25,927763 -2,571634
1,896000 0,831001 1,229000

31,964777 7,937325 -1,401982
1,966002 2,122000 0,702000

-3,218632 24,165314 -0,877632
0,997000 4,129000 0,455000

-1,040000 22,052299 -0,749500
0,271000 1,823000 0,329000

-59,263905 11,191700 -2,174300
1,035000 0,311000 1,461000

-52,485092 25,921364 1,783636
1,322998 1,118000 0,643000

-32,587002 17,439999 1,016800
0,209000 0,214001 0,881000

-16,631397 12,444999 0,624800
0,498001 0,450000 0,639000

-28,010414 38,133114 1,695882
2,692999 3,580002 0,606000

-17,020130 28,659676 0,654026
1,707998 1,880001 1,854000

52,066895 -12,552949 0,727544
1,200001 1,248000 2,582000

44,875088 -12,500950 0,726450
1,987000 2,265000 2,574000

24,342869 -9,740423 0,140659
1,662001 0,833000 2,216000

18,880327 -9,916040 0,029588
3,108002 1,418000 2,046000

-27,723589 41,560528 -0,949118
1,407000 2,344002 1,257000

-0,345133 23,220936 -0,259333
0,369000 3,823999 0,348000

77,869576 8,736422 1,180737
1,445999 1,664000 2,789000

34,627350 17,104219 1,082261
3,145000 2,065001 0,978000

23,248192 19,578857 0,632190
3,150000 3,121000 1,316000

6,146531 19,410000 0,103094
0,762000 2,334000 1,616000

0,837308 15,513386 0,555308
0,110000 0,086000 0,370000

-34,951248 16,385063 -0,602140
2,188999 2,068000 3,336000

-48,852921 -9,698167 -0,087250
0,336002 0,315000 2,355000

-39,416946 13,877052 0,260316
0,452000 0,526000 1,222000

15,368548 16,032902 -0,078096
2,169001 2,452000 0,660000

-21,889143 19,558287 0,055357
0,613998 0,188000 0,507000

24,494778 8,251929 -0,814476
4,287001 2,017000 1,865000

16,597000 15,449078 -0,116385
0,173000 0,166000 0,558000

-32,550285 26,675358 -0,237500
4,001001 3,473001 1,076000

25,794636 16,088505 -0,900689
3,961000 2,307001 1,643000

-34,162647 26,468645 -0,230357
4,490002 3,113998 0,861000

-32,609295 17,391701 -0,541200
0,179001 0,122999 0,894000

1,701259 19,535446 -1,318815
0,770000 2,685999 0,438000

-11,513146 8,515693 -1,595810
4,870999 2,705000 1,365000

-7,484081 8,644326 -1,455258
3,710000 2,238000 1,349000

1,726185 18,910225 -1,588074
1,108000 4,563999 0,473000

-1,518929 8,659326 -1,385705
3,619000 1,250000 1,340000

1,955549 17,137194 -1,563645
0,808000 2,987000 0,603000

-1,509273 10,053091 -0,887909
0,105000 0,098001 0,316000

-2,308720 10,068319 -0,953560
0,531000 0,221000 0,405000

4,283043 19,212303 -1,987913
1,994000 4,227000 0,383000

-7,047316 9,844394 -2,067895
1,081000 1,717000 0,342000

-41,833698 14,277100 -1,994500
4,575001 1,414001 0,618000

-32,239063 17,241062 -2,119937
2,423000 1,260000 1,069000

-12,219167 17,091127 -1,008042
2,401000 2,480000 0,391000

-36,661289 13,867676 -2,020903
1,485001 0,290000 1,224000

-44,134861 25,927763 -2,571634
1,896000 0,831001 1,229000

31,964777 7,937325 -1,401982
1,966002 2,122000 0,702000

-3,218632 24,165314 -0,877632
0,997000 4,129000 0,455000

-1,040000 22,052299 -0,749500
0,271000 1,823000 0,329000

-59,263905 11,191700 -2,174300
1,035000 0,311000 1,461000

-52,485092 25,921364 1,783636
1,322998 1,118000 0,643000

-32,587002 17,439999 1,016800
0,209000 0,214001 0,881000

-16,631397 12,444999 0,624800
0,498001 0,450000 0,639000

-28,010414 38,133114 1,695882
2,692999 3,580002 0,606000

-17,020130 28,659676 0,654026
1,707998 1,880001 1,854000

52,066895 -12,552949 0,727544
1,200001 1,248000 2,582000

44,875088 -12,500950 0,726450
1,987000 2,265000 2,574000

24,342869 -9,740423 0,140659
1,662001 0,833000 2,216000

18,880327 -9,916040 0,029588
3,108002 1,418000 2,046000

-27,723589 41,560528 -0,949118
1,407000 2,344002 1,257000

-0,345133 23,220936 -0,259333
0,369000 3,823999 0,348000

77,869576 8,736422 1,180737
1,445999 1,664000 2,789000

34,627350 17,104219 1,082261
3,145000 2,065001 0,978000

23,248192 19,578857 0,632190
3,150000 3,121000 1,316000

6,146531 19,410000 0,103094
0,762000 2,334000 1,616000

0,837308 15,513386 0,555308
0,110000 0,086000 0,370000

-34,951248 16,385063 -0,602140
2,188999 2,068000 3,336000

-48,852921 -9,698167 -0,087250
0,336002 0,315000 2,355000

-39,416946 13,877052 0,260316
0,452000 0,526000 1,222000

15,368548 16,032902 -0,078096
2,169001 2,452000 0,660000

-21,889143 19,558287 0,055357
0,613998 0,188000 0,507000

24,494778 8,251929 -0,814476
4,287001 2,017000 1,865000

16,597000 15,449078 -0,116385
0,173000 0,166000 0,558000

-32,550285 26,675358 -0,237500
4,001001 3,473001 1,076000

25,794636 16,088505 -0,900689
3,961000 2,307001 1,643000

-34,162647 26,468645 -0,230357
4,490002 3,113998 0,861000

-32,609295 17,391701 -0,541200
0,179001 0,122999 0,894000

1,701259 19,535446 -1,318815
0,770000 2,685999 0,438000

-11,513146 8,515693 -1,595810
4,870999 2,705000 1,365000

-7,484081 8,644326 -1,455258
3,710000 2,238000 1,349000

1,726185 18,910225 -1,588074
1,108000 4,563999 0,473000

-1,518929 8,659326 -1,385705
3,619000 1,250000 1,340000

1,955549 17,137194 -1,563645
0,808000 2,987000 0,603000

-1,509273 10,053091 -0,887909
0,105000 0,098001 0,316000

-2,308720 10,068319 -0,953560
0,531000 0,221000 0,405000

4,283043 19,212303 -1,987913
1,994000 4,227000 0,383000

-7,047316 9,844394 -2,067895
1,081000 1,717000 0,342000

-41,833698 14,277100 -1,994500
4,575001 1,414001 0,618000

-32,239063 17,241062 -2,119937
2,423000 1,260000 1,069000

-12,219167 17,091127 -1,008042
2,401000 2,480000 0,391000

-36,661289 13,867676 -2,020903
1,485001 0,290000 1,224000

-44,134861 25,927763 -2,571634
1,896000 0,831001 1,229000

31,964777 7,937325 -1,401982
1,966002 2,122000 0,702000

-3,218632 24,165314 -0,877632
0,997000 4,129000 0,455000

-1,040000 22,052299 -0,749500
0,271000 1,823000 0,329000

-59,263905 11,191700 -2,174300
1,035000 0,311000 1,461000

-52,485092 25,921364 1,783636
1,322998 1,118000 0,643000

-32,587002 17,439999 1,016800
0,209000 0,214001 0,881000

-16,631397 12,444999 0,624800
0,498001 0,450000 0,639000

-28,010414 38,133114 1,695882
2,692999 3,580002 0,606000

-17,020130 28,659676 0,654026
1,707998 1,880001 1,854000

52,066895 -12,552949 0,727544
1,200001 1,248000 2,582000

44,875088 -12,500950 0,726450
1,987000 2,265000 2,574000

24,342869 -9,740423 0,140659
1,662001 0,833000 2,216000

18,880327 -9,916040 0,029588
3,108002 1,418000 2,046000

-27,723589 41,560528 -0,949118
1,407000 2,344002 1,257000

-0,345133 23,220936 -0,259333
0,369000 3,823999 0,348000

77,869576 8,736422 1,180737
1,445999 1,664000 2,789000

34,627350 17,104219 1,082261
3,145000 2,065001 0,978000

23,248192 19,578857 0,632190
3,150000 3,121000 1,316000

6,146531 19,410000 0,103094
0,762000 2,334000 1,616000

0,837308 15,513386 0,555308
0,110000 0,086000 0,370000

-34,951248 16,385063 -0,602140
2,188999 2,068000 3,336000

-48,852921 -9,698167 -0,087250
0,336002 0,315000 2,355000

-39,416946 13,877052 0,260316
0,452000 0,526000 1,222000

15,368548 16,032902 -0,078096
2,169001 2,452000 0,660000

-21,889143 19,558287 0,055357
0,613998 0,188000 0,507000

24,494778 8,251929 -0,814476
4,287001 2,017000 1,865000

16,597000 15,449078 -0,116385
0,173000 0,166000 0,558000

-32,550285 26,675358 -0,237500
4,001001 3,473001 1,076000

25,794636 16,088505 -0,900689
3,961000 2,307001 1,643000

-34,162647 26,468645 -0,230357
4,490002 3,113998 0,861000

-32,609295 17,391701 -0,541200
0,179001 0,122999 0,894000

1,701259 19,535446 -1,318815
0,770000 2,685999 0,438000

-11,513146 8,515693 -1,595810
4,870999 2,705000 1,365000

-7,484081 8,644326 -1,455258
3,710000 2,238000 1,349000

1,726185 18,910225 -1,588074
1,108000 4,563999 0,473000

-1,518929 8,659326 -1,385705
3,619000 1,250000 1,340000

1,955549 17,137194 -1,563645
0,808000 2,987000 0,603000

-1,509273 10,053091 -0,887909
0,105000 0,098001 0,316000

-2,308720 10,068319 -0,953560
0,531000 0,221000 0,405000

4,283043 19,212303 -1,987913
1,994000 4,227000 0,383000

-7,047316 9,844394 -2,067895
1,081000 1,717000 0,342000

