-2,729750 3,499438 -1,652812
2,201000 2,776000 1,273000

-41,763393 8,930705 -2,452098
2,391998 1,681999 1,362000

-32,126904 8,580818 -2,060152
3,398001 1,051000 1,431000

-45,429459 13,911306 -1,801692
2,480999 0,361000 0,381000

12,462417 -10,888458 -0,740375
0,702000 0,248000 0,402000

-16,004519 17,143734 -0,974430
2,202999 1,902000 0,635000

42,097458 20,093727 -1,238909
2,490002 0,798000 0,343000

-1,432593 18,102831 -0,415444
0,922000 2,490000 0,424000

-3,708891 19,363106 -0,504420
4,204000 3,708000 0,821000

47,999866 12,228867 -0,831333
4,642998 0,597000 0,600000

12,525302 -10,838934 -0,240033
0,917999 0,327001 0,311000

-49,057163 -10,180282 -1,191035
3,341000 1,905000 2,100000

28,957806 18,563969 -0,644254
0,617001 1,100000 1,066000

-16,137932 30,469633 1,081200
1,110001 1,656000 0,644000

17,462000 20,725813 0,998000
2,104000 2,761000 0,393000

17,258791 17,794359 0,799057
1,594000 1,071001 0,784000

19,924578 18,432079 0,888692
1,211000 0,955000 0,669000

17,179354 13,099442 0,314911
0,612999 0,300000 1,430000

33,823757 13,244001 0,154364
1,975998 0,422000 2,193000

-13,564500 -14,725688 0,780312
2,775000 2,862000 0,348000

-16,620440 -14,531069 0,831932
2,870001 1,222000 0,320000

-19,061800 -15,408532 0,950800
2,830000 2,018001 0,364000

-57,497665 -19,558533 1,950933
3,528000 2,139000 0,757000

53,451897 -14,509399 1,830100
4,387001 1,101000 0,712000

38,031086 -8,081083 0,744583
0,299000 0,250000 1,619000

21,413725 -2,035564 0,282327
0,509001 0,577000 1,692000

65,747856 -2,827788 1,002192
1,514999 2,182000 2,775000

-36,289547 15,541637 1,029454
0,142002 0,271000 0,941000

-58,244831 14,659335 1,948583
2,832001 0,737000 0,720000

-48,806709 -13,720665 1,107381
3,912998 2,009999 0,873000

12,325889 -10,804556 0,144889
0,711000 0,316000 0,486000

54,403584 13,162499 0,192583
1,941998 0,595000 1,296000

-5,468408 24,880888 0,201074
1,228000 2,322001 0,462000

-2,153915 -9,301509 -0,508576
0,141000 0,297000 1,243000

53,899086 2,587559 -0,111147
1,513000 2,220000 0,937000

49,696411 16,205751 -0,053000
0,281998 1,010000 0,898000

-27,155565 8,826920 -2,021731
3,607000 2,011000 1,448000

5,611023 16,163738 -1,252017
3,322000 4,396001 0,907000

-24,848724 15,982834 -2,219772
2,330000 2,110999 0,928000

7,400812 18,137814 -1,463250
1,639000 3,524000 0,544000

6,574501 18,543768 -1,471962
1,819000 3,552999 0,539000

2,754000 15,055891 -1,140851
1,739000 3,926001 0,366000

0,753939 16,035517 -1,217864
2,011000 3,497999 0,516000

0,212682 18,953091 -1,541364
1,207000 4,628000 0,425000

6,964823 16,250177 -1,695647
1,267000 3,070999 0,355000

-1,708031 -13,305111 -1,292140
2,479000 4,165000 0,413000

-1,162111 12,014888 -1,646778
0,201000 0,695000 0,388000

