-2,543916 -3,593583 -1,696167
2,024000 2,690000 1,258000

-1,304945 15,862780 -0,917222
0,385000 2,150000 0,342000

5,125883 9,493412 -0,763118
0,910000 1,749001 0,360000

-31,290625 7,226375 -2,071437
0,889000 0,451000 0,978000

-39,579693 6,628000 -1,977923
2,060997 0,613000 0,735000

-35,182693 7,240880 -2,003212
2,203999 1,296000 1,070000

-28,726164 7,967216 -1,739163
1,610001 1,546000 1,086000

31,660715 7,615785 -1,535643
2,842999 0,669000 0,396000

-37,304569 13,627834 -1,913967
4,778999 2,242000 1,023000

3,253750 16,167418 -0,675250
0,224000 1,332999 0,346000

19,431435 16,836086 -1,011478
4,398001 3,819000 0,348000

4,609020 8,442371 -1,310759
4,066999 1,740000 1,590000

22,020441 7,912079 -1,301840
2,876999 0,969000 0,972000

38,999844 7,909076 -1,342692
1,139000 0,621000 0,545000

13,623920 8,542607 -1,090338
4,121000 2,164000 1,396000

19,578297 8,559822 -1,171023
2,513000 1,817000 1,223000

25,294640 8,062183 -1,070072
3,118999 1,086000 0,936000

43,585938 6,814067 -1,232667
2,723000 0,485000 0,551000

-2,809654 9,620186 -0,361257
0,751000 1,585000 0,380000

-2,039431 9,923414 -0,305638
0,866000 1,623000 0,428000

29,156723 7,832249 -1,328397
3,237000 2,782000 1,148000

-33,694191 12,665475 1,225238
1,611000 0,924999 0,417000

-28,107887 14,466278 0,821222
0,280001 0,443000 0,979000

-23,045113 18,880667 0,670389
0,238001 0,143000 1,057000

-0,374472 16,093140 -0,327495
2,496000 2,792001 1,583000

17,086304 15,259151 -0,277370
1,063999 0,993000 2,481000

-8,668747 -9,594370 -0,215728
3,934000 1,467000 2,323000

-30,214197 -18,931934 1,194134
3,801001 2,823000 0,525000

-28,672445 -17,202997 1,101778
1,116001 0,654001 0,386000

-3,010598 -9,042728 -0,588496
0,892000 1,010000 2,147000

76,139397 9,063601 0,602600
0,505005 1,101000 3,196000

66,194351 9,977470 1,176353
0,678001 0,898000 2,795000

17,739788 -10,559861 -0,473053
1,081001 0,899000 1,806000

-45,673195 10,293267 0,479000
0,755001 0,948999 0,787000

44,016586 -13,027235 -0,458588
4,998001 1,493000 1,385000

-2,827837 8,456938 -0,956759
4,443000 1,843999 2,055000

-64,121277 12,718792 -0,684873
0,354000 2,138000 2,309000

0,785125 22,835407 -0,125281
0,807000 4,816000 0,347000

-13,287641 15,920400 -0,380450
2,036000 1,356001 0,800000

63,770798 6,212466 -0,817000
1,504997 1,776000 0,829000

0,651774 14,348228 -1,132873
3,514000 1,559999 1,779000

15,443457 12,882772 -1,647773
3,615000 3,860000 0,430000

2,865250 17,893198 -1,690000
1,016000 4,330001 0,670000

0,614600 16,785700 -1,490600
0,384000 4,378000 0,545000

-3,685462 -11,343615 -1,319846
1,561000 4,379001 0,559000

-1,673531 9,628718 -1,825719
0,293000 1,863000 0,540000

-4,625000 9,753700 -1,888960
1,331000 1,534000 0,503000

-3,803860 10,538961 -1,947720
2,127000 2,105000 0,432000

