-1,335385 3,844890 -1,766194
2,754000 2,814000 1,082000

3,727879 -2,507388 -1,639147
3,600000 1,751000 1,079000

11,366189 -14,190163 -1,052838
4,910000 4,626000 0,341000

1,458200 15,569117 -1,126600
0,211000 0,169000 0,670000

-44,238228 7,267923 -2,216231
1,008999 1,429000 0,593000

5,841201 9,220950 -0,730350
0,291000 0,694000 0,384000

-50,723900 5,910400 -2,246800
0,665001 0,931000 0,633000

-9,499434 8,428757 -1,403966
3,878000 2,553000 1,663000

-53,064529 12,101595 -2,355000
3,560997 1,722000 0,968000

9,954551 8,554874 -1,228998
3,355000 1,685000 1,349000

-17,882357 9,326500 -0,691000
1,887999 1,039001 0,312000

23,475380 8,571377 -1,234450
1,794001 1,800000 1,134000

2,722250 20,681417 -0,534417
0,708000 3,893000 0,380000

5,393933 8,438876 -1,076045
3,789000 2,311000 1,642000

29,402063 7,847239 -1,012381
3,299000 0,560000 1,051000

-35,370590 14,101181 1,037864
1,669003 0,769000 1,390000

-26,113461 13,741282 0,488253
0,434999 0,702000 1,420000

-10,841083 18,797081 0,722250
2,511000 4,633001 0,629000

-0,843938 21,244001 0,555188
0,049000 2,138000 0,787000

-0,520947 28,795631 0,620000
0,162000 3,177999 1,058000

1,418355 15,517286 0,001711
0,215000 0,160000 1,415000

7,085588 -10,269456 -0,376506
1,046000 1,264000 1,938000

2,631902 -10,195911 -0,431253
1,029000 1,122999 1,879000

-27,528996 -17,381287 1,207786
3,324999 1,729000 0,305000

-18,131222 -10,224890 0,560111
0,930000 0,646999 0,521000

-8,784467 20,457563 -0,381900
1,658000 2,894001 0,318000

-18,310936 -9,526122 -0,149619
1,847000 0,983000 2,589000

-18,421455 -10,193999 0,733455
1,634001 0,917000 0,398000

9,341529 -9,397274 -0,109515
1,595000 1,381000 1,953000

65,522339 -8,957000 0,963431
2,014000 2,258000 3,647000

70,569061 10,819928 1,488571
0,487000 0,471999 2,527000

60,546940 11,048470 1,030000
0,715000 0,377000 2,583000

50,387333 11,839333 1,341250
0,213001 0,436000 1,230000

-18,951801 -9,970400 0,249400
1,806000 0,925000 0,398000

24,342110 14,391000 0,008667
0,917000 0,747001 0,494000

36,373112 -11,962667 -0,090889
1,547001 0,356999 0,947000

10,748883 19,691589 -0,053647
1,559999 2,664000 0,585000

-61,582695 8,413000 -0,436400
0,421001 0,440001 2,195000

7,191882 16,995882 -0,331706
0,436000 1,749999 0,335000

-0,795625 20,438751 -0,497625
0,230000 2,819000 0,690000

-5,524667 15,463879 -0,554428
1,074000 2,514000 0,639000

-14,566071 17,695362 -1,791619
3,066000 3,188000 1,048000

-0,865580 8,408893 -1,290013
4,020000 0,922000 1,368000

-0,821333 9,312446 -0,862407
0,212000 1,256001 0,357000

-1,706750 9,807188 -0,971000
0,281000 0,245000 0,332000

-19,184532 9,637134 -2,313533
2,955000 1,839999 0,387000

1,457600 11,796301 -1,762400
0,782000 4,169001 0,668000

-8,879750 9,551820 -2,038107
0,750999 1,129000 0,361000

0,825552 9,928827 -1,892966
0,714000 1,712999 0,368000

