-1,432397 -4,004736 -1,749811
2,854000 2,998000 1,297000

-40,059502 8,108601 -2,610000
4,338997 1,415999 0,306000

-4,094098 9,757352 -0,819157
0,820000 0,389000 0,416000

-40,220364 6,006728 -2,570182
0,698997 1,164000 0,311000

-2,748051 8,357149 -1,335549
3,882000 1,727000 1,564000

-37,005650 7,481050 -2,213950
1,521000 1,818000 0,944000

2,606977 16,569817 -1,162465
0,891000 4,063000 1,070000

5,651273 8,490614 -1,143856
4,149000 2,221000 1,372000

-43,558872 6,544250 -2,049375
0,763000 1,136000 0,789000

-10,904058 16,423519 -0,645115
2,641001 2,613999 0,555000

-9,449141 16,300262 -0,624875
2,700000 2,816999 0,328000

8,626461 15,494537 -0,567077
0,136000 0,161000 0,436000

30,626896 8,269683 -1,279754
1,549999 1,998000 1,026000

36,102760 7,443920 -1,094280
2,209000 0,788000 0,755000

18,756050 15,335050 0,177850
0,139000 0,133000 1,189000

-71,304268 12,991092 1,987636
2,022995 0,907000 1,773000

-41,983616 11,832294 1,326682
3,269001 2,050000 1,040000

-15,191632 19,126024 0,546026
2,555001 3,521999 1,104000

8,554286 15,474954 0,487429
0,176000 0,186001 0,629000

40,217472 13,709142 0,567828
1,758999 1,831000 1,795000

57,404144 10,876555 0,631370
1,882999 1,332000 2,804000

67,650116 10,232389 0,902389
0,363998 0,737000 2,858000

77,843201 9,750700 1,726600
0,806999 0,732000 2,404000

66,824348 -9,532980 0,948519
2,188995 2,231999 2,852000

62,938099 -11,882600 1,055600
0,318996 0,393001 2,674000

16,301531 -9,619582 -0,035608
1,509000 1,321000 2,053000

-16,930162 -9,886205 -0,212344
3,570999 1,640000 2,624000

-66,210197 -20,684999 2,226500
2,229996 1,129002 0,838000

-14,453823 -10,096530 0,676000
0,714000 0,558000 0,337000

-12,129937 -9,383531 0,488531
1,105000 1,111000 0,500000

-11,259052 -9,269617 -0,536336
1,344999 0,919000 2,405000

9,583583 -10,311543 -0,319666
1,073000 1,082001 1,932000

13,999550 -10,457169 -0,179123
1,063999 0,905000 2,068000

-36,781380 13,789999 0,778187
0,473000 0,522000 0,778000

40,029087 -12,486181 -0,165273
0,493999 0,175000 1,018000

12,176155 8,542913 -0,977064
3,806000 1,890000 1,675000

55,042236 7,364941 -0,817059
0,692997 1,555000 0,687000

-4,139227 18,400000 -0,350864
1,181000 4,244000 0,431000

-10,619913 8,543753 -1,053761
4,425000 1,984000 2,010000

-0,399300 14,953799 -1,148700
0,197000 1,922999 0,356000

14,936200 9,351000 -1,754700
2,389000 1,460000 0,308000

4,989421 12,808105 -1,775737
1,502000 4,086000 0,558000

-1,842600 9,520300 -1,973600
0,252000 1,740001 0,374000

