-1,481104 -4,282757 -1,792863
3,762000 3,378000 1,405000

-48,613503 7,814571 -1,943500
1,028999 1,600000 0,594000

-27,871679 8,405610 -1,736722
3,455999 0,752000 1,415000

4,561800 19,399443 -0,841760
1,268000 3,462000 0,432000

9,356010 8,852626 -1,225506
4,784000 2,480000 1,365000

-57,121143 7,010534 -2,075933
0,813000 1,054000 1,077000

-39,401691 8,185276 -1,617621
1,213001 1,081000 0,998000

-6,093846 45,312843 -1,761846
0,106000 2,239002 1,194000

-32,673744 8,473096 -1,455355
3,056000 1,075000 1,441000

2,034393 19,103607 -0,873679
0,485000 4,457001 1,128000

-57,301502 -11,135215 -2,008071
0,735001 1,002000 1,081000

-57,363464 12,563231 -1,381077
4,771004 0,863999 0,593000

46,602734 13,850401 -1,124400
1,883999 0,982000 0,499000

-1,382547 57,092999 -0,993190
2,803000 3,739998 1,400000

47,910618 18,688549 -0,348839
0,625999 0,952000 1,002000

72,995110 2,761215 -0,480286
1,421005 3,003000 0,923000

36,304684 -10,707092 -0,280000
2,124001 0,411000 1,148000

14,038096 23,254808 0,727238
2,077000 3,057001 0,642000

36,861618 20,935053 1,452459
2,647999 3,202000 0,564000

35,925289 17,954750 1,098454
1,919998 1,482000 1,242000

38,080738 18,170630 1,178895
3,724998 1,750000 1,012000

36,105591 13,104780 0,781750
0,535000 1,391001 1,856000

52,281822 13,306228 0,741545
4,333000 1,039001 2,594000

40,322384 -1,947941 0,542676
0,507000 0,573000 2,657000

-25,437254 -16,834999 0,913477
3,599001 1,896999 0,757000

-28,375751 -12,728300 1,160550
4,995998 2,698999 0,322000

-28,143589 -9,842221 1,049349
2,910999 1,339999 0,387000

-22,952000 -16,265001 1,073900
3,177000 2,388000 0,304000

1,190700 36,733162 1,192767
1,132000 4,758999 0,712000

-6,405437 14,452291 -0,724398
2,456000 2,441001 2,710000

-17,275637 15,650363 0,704182
0,110001 0,084001 0,555000

-57,086121 13,209704 1,832118
1,932999 3,507000 1,123000

62,571739 13,438159 0,392526
0,677002 0,720000 2,665000

-31,264122 -10,391121 0,505880
4,644999 1,788000 0,589000

48,309231 13,381924 0,392692
0,313999 0,541000 1,469000

35,558640 19,630182 0,493636
0,409000 0,611000 0,687000

-29,686161 -9,725604 -0,754174
1,248999 1,272000 2,245000

17,780764 -10,738362 -0,364111
1,135000 0,285000 1,360000

-5,696429 15,396777 -1,110407
0,460000 2,557000 0,706000

-13,144203 8,820425 -1,363319
4,417999 1,807000 1,409000

-8,579529 14,544540 -1,236672
1,363999 2,452000 0,927000

-30,527933 8,077666 -2,218266
0,873001 0,766000 0,806000

-8,737753 8,643322 -1,405192
3,916000 2,150000 1,406000

1,637571 44,709572 -3,241786
1,008000 4,743999 0,445000

-15,713517 8,423710 -1,890288
1,197001 1,240000 0,873000

3,356769 43,734921 -3,730615
0,922000 2,481998 0,474000

-6,729389 14,634722 -1,479944
0,443000 1,564000 0,325000

-6,858822 14,116323 -1,411536
0,742000 0,605000 0,340000

4,937737 -10,796499 -1,341024
1,544000 2,662000 0,301000

-5,816357 21,762785 -2,611643
1,339000 4,957001 0,644000

