-1,269595 3,866202 -1,769577
2,879000 2,795000 1,121000

-1,273456 -4,240796 -1,776657
3,637000 3,364000 1,328000

1,632783 -5,837517 -1,661118
3,050000 3,528000 0,313000

1,852111 10,018389 -1,834055
0,794000 2,052000 0,387000

-57,647633 13,308637 -1,497727
4,129002 0,525000 0,459000

29,484846 -2,126154 -0,873154
0,872999 0,206000 0,835000

-17,642384 32,498924 -0,603000
0,858000 0,840000 0,444000

-40,399578 -9,662428 -1,092175
0,973999 1,204000 2,037000

14,128537 -10,902385 -0,432046
0,995000 0,322000 0,996000

62,319588 2,447176 -0,221059
1,849998 2,372000 1,086000

-8,597520 16,545561 -0,193480
0,337000 0,383001 0,995000

-7,605089 18,259682 0,115636
1,243000 2,523001 0,347000

31,443909 -11,050682 -0,290455
2,108999 0,356000 1,173000

-0,162731 12,889831 -0,034532
0,467000 4,288000 1,356000

3,220297 23,767376 0,712624
2,004000 4,118000 0,740000

26,141335 20,303558 1,217028
3,409000 4,500999 0,490000

36,441647 21,734825 1,517882
3,700001 2,507000 0,423000

25,463791 13,111104 1,013895
0,636000 0,364000 0,542000

25,274403 12,226867 1,024933
0,157000 0,563000 0,317000

37,677086 13,339739 0,983522
0,408001 0,877000 1,921000

41,542473 13,028707 1,031412
1,862003 0,495001 1,548000

51,870304 13,125567 0,709391
0,362999 0,732000 2,565000

55,254097 13,286799 2,021400
4,549999 1,166000 0,366000

-40,993801 -13,725550 1,313550
3,432999 1,770000 0,826000

-37,426765 -11,883539 1,340769
1,621002 0,915000 0,446000

-36,756279 -10,926560 1,281040
0,773998 1,017000 0,728000

-68,298859 7,459428 -2,065143
1,984001 1,539999 1,236000

36,318790 12,730387 -1,303149
2,494999 2,532000 0,515000

-42,801891 -9,166420 1,339211
3,877998 0,635000 0,827000

-39,138668 -9,694166 1,005433
2,645000 1,574000 0,997000

5,986667 -9,253515 -0,437486
0,479000 0,706000 1,915000

29,636717 -2,171750 0,679321
0,543999 0,502000 1,234000

-5,280400 32,822098 0,979250
1,266000 3,302999 0,670000

-18,057669 15,775416 0,919417
3,914000 3,502001 0,422000

-56,819000 14,515928 1,763929
1,185001 0,691000 1,103000

42,763245 23,964003 1,207417
1,616001 1,014999 0,604000

40,003002 19,054684 -1,458316
3,667999 2,425001 0,344000

17,718439 16,296721 -0,876040
1,667000 0,114000 0,306000

-33,273258 9,141790 -1,889282
2,591999 1,933000 1,698000

-41,969299 -10,485700 -1,794000
2,230000 1,051001 0,593000

-5,567420 17,232904 -0,791871
0,685000 1,504000 0,394000

-47,210899 15,011966 -1,966621
2,229000 1,641999 0,661000

-7,496100 19,342501 -0,937400
0,899000 2,221998 0,353000

-23,533564 8,722407 -1,749324
4,021000 1,051000 1,383000

9,846555 16,308268 -1,017054
2,378000 3,253000 0,345000

-6,871812 19,300499 -1,017313
1,618000 3,563999 0,330000

-18,879780 8,883766 -1,662241
3,759001 2,210999 1,343000

-38,387386 8,334309 -2,115077
2,422001 0,479000 0,761000

-36,670418 8,116166 -2,444917
0,538002 0,717000 0,659000

9,317401 17,773336 -1,353267
1,455000 2,655001 0,443000

-17,517384 16,742924 -1,539615
2,581999 2,442000 0,521000

14,840882 14,366940 -1,273118
4,872000 4,103001 0,349000

10,073455 18,684273 -1,321455
2,363000 4,198999 0,348000

9,212904 19,061283 -1,331857
3,071000 4,378000 0,371000

-0,295587 8,623337 -1,263356
4,505000 1,113000 1,352000

9,854879 -13,223167 -1,219143
4,792000 4,613000 0,433000

-1,816818 12,295638 -1,071727
1,190000 4,915000 0,506000

7,575963 -11,298518 -1,281444
2,068000 2,616000 0,436000

6,584651 -10,921515 -1,302083
2,210000 3,309999 0,333000

-21,623539 9,071077 -2,247462
3,157000 1,190001 0,333000

-3,909900 -10,943901 -1,453900
1,122000 3,012000 0,305000

