-2,542045 -3,809235 -1,686206
2,059000 2,875000 1,285000

2,427500 16,858000 -0,998333
0,927000 4,105000 0,379000

-8,048356 15,843501 -1,046286
1,488000 2,570001 0,359000

-0,666017 8,347818 -1,311349
3,878000 1,427999 1,558000

8,507841 9,646262 -0,699895
0,876000 1,290999 0,317000

-34,787567 7,837523 -1,829524
0,895000 1,413000 1,288000

7,820796 8,481203 -1,165034
4,282001 2,308000 1,409000

-7,837530 9,605470 -0,477000
0,858000 1,183000 0,372000

33,002171 8,275042 -1,207083
1,804001 1,749000 0,707000

36,337597 7,009600 -1,382733
1,095001 1,334000 0,501000

-8,249930 16,437553 -0,579707
1,976000 2,867999 0,469000

-6,767848 16,368896 -0,565430
2,051000 2,205999 0,346000

19,407234 8,308551 -1,069041
4,834000 1,758000 1,198000

15,320000 9,668300 -0,434900
0,125999 0,098001 0,335000

-68,731903 13,305699 1,860400
2,006996 0,905000 1,650000

-39,762569 12,145319 1,270773
3,281998 1,876000 1,038000

-12,507926 19,184778 0,648555
2,450000 4,110001 0,797000

-7,306727 15,373137 0,375955
0,172000 0,151000 0,820000

10,961182 15,431817 0,631818
0,110001 0,085999 0,451000

60,061394 10,704999 0,994667
0,233997 0,662000 2,551000

69,570724 9,850056 0,888944
2,284004 0,784000 2,941000

67,243820 -9,738300 0,742020
1,817001 2,162001 3,279000

18,660048 -9,717630 -0,028164
2,401999 1,364000 2,200000

-16,646349 -9,651650 0,484450
1,477000 0,860001 0,684000

-52,157333 -20,635599 1,748533
4,843998 2,319000 0,648000

-14,368021 -9,847088 -0,283004
3,914001 1,913000 2,514000

-9,041647 -9,243788 -0,378405
2,055000 1,314000 2,228000

-9,364546 -9,539819 0,528818
1,540000 1,671000 0,308000

11,873513 -10,354987 -0,343776
1,190000 1,247000 2,038000

16,324198 -10,562881 -0,035990
1,050000 0,736000 2,088000

-34,320370 13,982685 0,692158
0,391998 0,530000 0,907000

61,962311 -16,969900 0,409800
2,169998 0,289999 1,503000

-33,869759 20,441515 0,210414
3,786999 2,548000 0,941000

41,378365 -12,670181 0,014545
1,316002 0,294999 0,755000

14,202785 8,512914 -1,050709
3,790999 1,772000 1,761000

15,766191 9,305808 -0,391039
2,397000 1,505000 0,571000

-19,498585 15,607944 -0,555362
3,448999 2,091000 0,842000

57,456287 7,013287 -0,807214
0,264000 1,204000 0,407000

38,353561 7,323063 -0,945688
1,431999 0,609000 0,950000

-1,688667 9,708286 -0,837476
0,277000 1,466000 0,332000

-11,824545 -12,896819 -1,544273
3,655000 4,200000 0,532000

-6,242800 -13,121150 -1,443600
1,257000 2,639999 0,329000

-9,442947 13,202526 -1,742737
3,484000 4,855000 1,051000

2,327100 15,706798 -1,625100
0,797000 4,034000 0,376000

