-21,174801 13,706549 -2,044050
1,210999 0,648001 0,396000

-2,930673 9,704614 -0,851519
0,633000 1,220000 0,397000

1,047143 16,474714 -1,065357
0,418000 4,159999 0,587000

-9,323417 15,462918 -1,079583
2,059000 2,837000 0,546000

-1,745816 8,351553 -1,330343
3,773000 1,261000 1,554000

7,275570 9,684428 -0,696286
0,778000 1,261001 0,306000

-41,830669 6,681334 -2,319700
4,317001 1,466000 1,024000

6,774657 8,469609 -1,117277
4,202000 2,084000 1,376000

-36,491886 7,565240 -2,235381
2,659000 1,668000 1,457000

-9,059135 9,611909 -0,503682
1,162000 1,316000 0,315000

-8,130046 16,302763 -0,600597
2,410000 2,534000 0,334000

-10,101268 9,633433 -0,425633
2,197001 1,596001 0,333000

18,197937 8,386732 -1,097384
4,823000 1,428000 1,282000

36,938999 7,477210 -1,144421
0,814999 0,568000 0,723000

-35,127159 20,303999 -0,828211
2,591999 2,451000 0,522000

-9,372821 16,326250 -0,594107
2,035999 2,520000 0,646000

14,783547 9,541681 -0,419409
2,186000 1,433000 0,323000

31,494091 8,117782 -1,207087
3,188997 1,439000 1,116000

-35,524849 13,947154 0,690077
0,297001 0,428000 0,932000

2,655684 15,454633 0,171105
0,139000 0,133000 0,571000

-40,615616 11,884241 1,425448
3,304001 1,479000 0,477000

-14,701249 20,404751 0,554125
2,367000 3,251001 0,785000

58,706375 10,865126 0,915938
1,825001 0,777000 2,838000

67,033379 -9,721704 0,940118
2,639000 2,133000 3,257000

42,812748 -16,243084 1,663000
4,091999 0,716001 0,416000

-53,681999 -20,822714 1,765786
1,933998 1,844000 0,684000

-13,852913 -9,737434 0,651087
1,079000 1,011001 0,312000

-10,237906 -9,244126 -0,400886
1,712999 1,078000 2,313000

10,706493 -10,332950 -0,378724
1,134000 1,329000 2,018000

15,152551 -10,479360 -0,339932
0,986000 0,834000 2,063000

17,433411 -9,713021 -0,084663
1,501001 1,239000 2,135000

-17,962460 -9,845384 0,208231
1,756001 0,793000 0,371000

-8,092088 15,234412 -0,491500
1,821000 1,278999 0,951000

13,042423 8,521984 -1,023521
3,784000 1,722000 1,681000

9,823500 15,464863 -0,367136
0,153000 0,145000 0,894000

23,865154 9,203231 -0,450692
1,466999 0,434000 0,467000

56,164856 7,245700 -0,901500
2,198002 1,436000 0,703000

62,442303 9,333000 -0,896300
4,653996 0,581000 0,460000

13,828707 9,622999 -0,336647
0,707000 0,330999 0,511000

-3,493467 18,061068 -0,340967
0,863000 3,996999 0,412000

1,420583 16,518000 -1,551833
0,545000 4,060999 0,633000

1,049833 15,532166 -1,677250
0,493000 4,086999 0,399000

-11,874702 9,565483 -2,032296
1,748000 1,063000 0,437000

-2,227703 -3,909750 -1,777243
2,102000 3,313000 1,318000

