-9,083673 8,542833 -1,407234
4,223000 2,124000 1,430000

0,929887 14,170715 -1,434244
2,358000 2,083000 1,146000

-5,867550 9,643751 -0,772950
1,259000 1,393001 0,610000

-4,014071 9,744115 -0,779700
1,100000 1,430000 0,391000

4,212430 8,539080 -1,311787
3,745000 1,473000 1,447000

-4,499079 8,516048 -1,273248
4,282000 2,109000 1,628000

9,864549 9,607064 -0,780774
1,299000 1,558001 0,326000

9,110168 8,637800 -1,270529
3,867000 1,773000 1,272000

-29,305065 8,024134 -1,767183
1,445002 1,623001 1,185000

-20,381561 8,251814 -1,487131
3,885000 1,704000 1,226000

-13,662883 8,567248 -1,258150
4,954000 2,256000 1,749000

-9,892068 -15,926801 -0,560400
0,282001 0,108000 0,339000

-15,137848 16,799152 -0,525154
1,997000 2,097000 0,367000

27,958544 9,130413 -1,111794
3,664999 2,011001 1,224000

-49,428913 13,661251 -0,905708
3,917999 2,397000 0,700000

-47,021198 12,297086 0,585696
1,973000 1,138000 2,917000

-38,254498 14,045750 1,474063
1,669998 1,330000 0,313000

-19,287273 15,103089 0,746182
0,136000 0,119000 0,583000

-9,039582 15,451583 0,607500
0,146000 0,118999 0,426000

1,979318 15,535422 -0,252227
0,468000 1,841001 1,826000

39,722874 13,073625 0,580500
0,313999 0,429000 2,010000

-17,012609 -10,608135 -0,545545
1,407000 1,349999 2,465000

-17,447620 -10,527809 0,725048
1,468000 0,782001 0,520000

-47,391663 -19,312933 1,643000
0,390999 0,637001 0,576000

-12,654733 -10,429521 -0,733589
2,656000 1,623000 2,259000

-10,358588 -9,444034 -0,350556
1,266000 1,148001 2,223000

77,662384 -14,481258 1,721148
3,698006 1,286000 3,332000

59,814873 -2,069733 0,606467
0,561996 0,598000 3,284000

49,818821 13,144137 0,047773
1,727001 1,303000 2,528000

26,091150 -10,768110 -0,219667
2,684000 1,170000 1,242000

-64,805702 10,983100 0,257900
0,333000 0,612000 1,588000

-14,941999 -16,114901 -0,024000
0,327000 0,172998 0,433000

46,680618 -10,602308 -0,313077
1,906998 0,314000 0,954000

0,796684 21,817896 -0,164789
0,407000 4,394001 0,405000

-11,613715 19,348927 -0,299571
1,349000 2,255001 0,459000

-0,589878 14,203899 -1,361278
0,662000 0,929000 0,985000

-12,995773 -13,376973 -1,403000
4,215000 4,486000 0,501000

-0,250905 16,397383 -1,416524
0,331000 4,059999 0,779000

-23,956402 8,749701 -2,143100
3,573000 1,268000 0,340000

-7,589084 9,175583 -2,039500
1,229000 1,319000 0,317000

-3,406566 9,885151 -2,023866
0,902000 2,177000 0,417000

