-3,173928 -3,545929 -1,734429
2,504000 2,765000 1,314000

-2,777531 -4,149047 -1,749004
2,496000 3,392000 1,310000

-0,806235 10,125501 -1,943971
0,854000 2,148000 0,414000

11,883486 16,046429 -0,969343
2,952000 3,636999 0,423000

-25,980415 8,795058 -1,599588
1,693001 1,179999 1,278000

-40,686909 8,447272 -2,280273
3,339001 0,547000 1,334000

15,944279 16,229332 -1,019778
1,231000 0,091000 0,388000

-35,532093 9,195366 -1,888564
2,291000 2,214000 1,680000

13,949333 17,078144 -0,948158
2,604000 1,813999 0,531000

40,682999 23,642273 -1,497818
0,299004 0,889999 0,312000

-70,048500 7,367083 -2,316500
1,031998 1,202000 1,321000

-59,795807 13,404900 -1,610300
4,290001 0,695000 0,405000

-55,081959 14,483653 -1,382913
3,229000 2,540000 0,344000

41,673161 20,046719 -1,113960
0,542999 1,587999 0,521000

50,396534 11,855800 -1,021400
4,160000 0,288000 0,341000

42,717728 -9,528090 -0,684545
3,042000 0,594999 0,321000

35,072426 18,398188 -0,598698
0,786999 1,101000 0,964000

-9,643612 34,031002 0,076111
1,028000 0,839001 0,395000

23,305277 13,000223 -0,149556
0,626001 0,272000 0,991000

60,092339 2,264939 -0,193030
2,015999 2,093000 1,050000

-10,369775 36,109676 1,110968
1,912000 4,653000 0,980000

-2,309279 13,060013 -0,096583
1,098000 4,205000 1,447000

0,582435 24,245176 0,712274
1,021000 4,121000 0,790000

1,399151 23,413870 0,679717
1,275000 1,468000 0,745000

6,167046 26,371590 0,537273
0,622000 4,089001 0,938000

5,668299 23,038349 0,529350
0,607000 3,299000 1,019000

22,873901 19,342300 0,897900
1,058001 0,594000 0,553000

34,687496 21,961498 1,441778
3,623001 2,517000 0,440000

3,781375 -9,291712 -0,429638
0,222000 0,524000 1,873000

-24,528852 -15,947101 1,043450
2,878000 2,335000 0,405000

-44,734314 -9,122562 1,566813
3,777000 0,720000 0,510000

10,206111 15,668223 -0,971778
2,474000 3,780000 0,366000

-39,063690 -11,275897 1,339103
1,773003 1,507999 0,815000

27,443907 -2,171060 0,265860
0,975000 0,522000 2,354000

53,585503 13,234100 1,899800
0,814999 1,026000 0,347000

49,675850 13,047701 1,003900
0,348999 0,603000 1,818000

39,781322 13,083806 0,185355
2,837002 1,620999 2,508000

35,498322 13,264360 1,092640
0,435001 0,941999 0,913000

23,269253 13,066099 0,941700
0,606001 0,310000 0,506000

-59,019260 14,460947 1,841631
1,697998 1,070999 1,147000

40,582546 23,752251 0,802100
1,536999 1,752001 2,292000

13,535404 -10,948884 -0,420105
1,004000 0,347000 1,267000

30,454268 -11,146616 -0,230077
0,935999 0,399000 1,151000

-21,158178 8,872165 -1,758400
3,767000 1,966001 1,305000

13,562399 16,114201 -1,228300
4,181000 4,223001 0,516000

7,684014 16,177851 -1,056463
3,635000 3,985000 0,410000

-20,103498 17,140301 -1,457200
2,722000 2,278000 0,523000

8,675866 17,107866 -1,251400
2,521000 4,778001 0,428000

-2,362184 8,677422 -1,351413
4,615000 1,457001 1,399000

-28,839094 8,437546 -2,221727
1,629000 0,234000 0,649000

12,733000 14,803153 -1,434539
4,186000 4,804999 0,577000

-19,433090 16,782637 -1,853182
2,520000 2,149000 0,549000

5,752313 15,970375 -1,334500
1,091000 2,988999 0,360000

6,195971 -13,014527 -1,217917
3,195000 4,419000 0,410000

5,321647 -11,538454 -1,286603
2,069000 2,781000 0,346000

4,081350 -10,930634 -1,330166
1,380000 2,486000 0,342000

