-1,961523 -4,065061 -1,796148
1,893000 3,370000 1,302000

1,441704 9,384093 -0,837500
0,605000 1,599999 0,500000

-32,208469 7,983572 -1,784036
0,859001 1,404000 0,851000

8,373076 17,104538 -0,913385
1,956000 3,666000 0,336000

28,390942 7,955411 -1,534706
3,243999 0,874000 0,391000

-37,706165 -13,163417 -2,012750
2,813000 0,200000 0,326000

-38,733501 7,000969 -2,035032
0,833000 1,362000 0,984000

-6,823600 -15,806600 -0,734700
0,102000 0,197001 0,308000

1,361548 8,360446 -1,282355
4,080000 1,299000 1,682000

10,155616 8,499134 -1,123087
4,154000 1,783000 1,355000

34,884430 7,954132 -1,302413
1,981998 2,194000 0,685000

37,695766 6,592616 -1,461077
1,135002 1,429000 0,476000

-5,952246 9,342466 -0,409589
1,616000 1,632000 0,329000

-4,051036 16,341970 -0,503054
2,133000 2,773001 0,334000

-1,467150 15,951250 -0,629900
0,265000 2,197001 0,567000

26,161999 15,873090 -0,776182
2,982000 2,503000 0,369000

-5,713887 16,416834 -0,437493
1,962000 3,253000 0,565000

-4,797263 15,432737 -0,359000
0,214000 0,172000 0,472000

6,238925 15,771667 -0,344222
1,083000 2,624000 0,344000

66,201202 8,844600 -0,959900
4,939999 0,627000 0,485000

-66,467201 13,678599 1,814500
2,070000 0,870000 1,319000

-37,284077 12,170155 1,228692
1,343998 0,916000 0,418000

-37,780579 13,917163 1,380395
3,167999 2,398000 0,487000

-31,887083 14,166041 0,944542
0,314999 0,544000 0,833000

-4,866440 15,406081 0,379240
0,172000 0,183000 0,778000

13,461262 15,389260 -0,083690
0,184999 0,172999 1,966000

62,492123 10,458188 1,213812
0,384998 0,592000 2,243000

72,433235 9,581764 0,803824
0,571999 1,136001 3,050000

-34,551594 -19,716932 1,321667
3,632000 2,519999 0,544000

-31,827894 -17,527105 1,080895
3,866001 2,213999 0,753000

-5,509625 16,132626 -0,950938
1,173000 2,794999 0,372000

-18,717932 15,061466 -1,422333
2,782000 2,406000 0,394000

-45,833725 -17,417456 1,841182
4,884998 2,720001 0,466000

-49,864361 -19,865187 1,662963
4,605000 2,747999 0,662000

-35,078602 6,959700 -2,296100
0,574001 0,441000 0,433000

-12,211041 -9,692608 -0,180278
4,784000 1,499001 2,482000

-12,226231 -10,303615 0,525385
0,958000 0,878000 0,483000

-7,443378 -9,604379 0,499517
1,282000 1,875999 0,336000

-6,595752 -9,172125 -0,469720
0,995000 0,475000 2,112000

14,177393 -10,406778 -0,476762
1,306000 1,224999 2,138000

14,631181 -10,166636 0,617273
0,158000 0,085999 0,424000

18,647364 -10,650259 -0,045117
1,098001 0,687000 2,209000

21,024206 -9,840089 -0,022583
1,514999 1,204000 2,227000

6,291167 15,431278 0,252167
0,175000 0,132000 0,490000

-16,814930 15,628174 -0,422871
1,965001 1,495999 1,134000

-49,384830 9,921833 0,452917
0,490997 0,748000 0,591000

-2,923586 14,311185 -1,183474
3,414000 1,799999 2,025000

59,971313 6,686895 -0,836632
2,901001 1,652000 1,053000

16,691450 8,644279 -0,996546
3,738000 2,066000 1,682000

0,754857 18,857500 -0,240107
0,462000 4,191000 0,342000

-6,046725 8,510879 -0,962763
4,421000 2,294000 1,971000

8,133883 16,344471 -1,290118
2,009000 3,731000 0,657000

-5,738500 16,878000 -1,208100
1,597000 4,442000 0,488000

-0,659000 16,745003 -1,423480
0,315000 1,429001 0,631000

-8,402789 -12,600947 -1,509526
2,724000 4,195000 0,592000

-3,950264 -13,244369 -1,487947
0,622000 2,012000 0,316000

-8,226353 10,582705 -2,003706
2,177000 2,176000 0,447000

-5,476600 9,725924 -1,948250
0,747000 1,498000 0,540000

3,884353 10,030175 -1,888412
0,813000 1,887000 0,467000

2,434900 9,679966 -1,925500
0,724000 1,675000 0,316000

4,295282 -2,435573 -1,697630
3,993000 1,577000 1,021000

