-2,897267 17,358734 -1,341467
0,967000 2,558000 0,660000

-7,435949 8,461371 -1,422859
3,993001 2,262001 1,417000

-0,904111 9,076298 -0,840370
0,254000 1,255000 0,363000

7,128417 15,500000 -0,937417
1,174000 2,044001 0,347000

-15,889423 8,370050 -1,547544
2,848999 1,667000 1,428000

-1,089191 8,371781 -1,255997
3,573000 1,665999 1,598000

-34,788204 15,332998 -1,560267
2,750000 2,221000 0,365000

-57,984726 5,007000 -2,351000
2,924000 1,385000 0,812000

-5,321100 21,141901 -0,831200
1,262000 4,389000 0,335000

7,788841 8,542601 -1,214616
4,340000 2,635000 1,736000

25,983698 15,995900 -1,079500
3,481001 2,230000 0,599000

-50,869114 11,704962 1,726604
3,030998 3,141000 0,650000

-42,511925 13,214420 1,576447
1,945999 2,580999 0,506000

-42,279003 14,905251 1,630250
1,864998 0,917000 0,343000

-46,709927 17,501467 1,483533
1,362999 0,460001 0,950000

-18,693077 18,622459 0,435744
2,597000 2,424999 1,310000

-5,646451 15,466074 0,070025
0,190000 0,118000 1,392000

2,614708 -9,251211 -0,183438
1,337000 1,190001 1,826000

0,402425 -10,275262 -0,454138
0,921000 0,644000 1,829000

-4,089915 -10,178141 -0,462964
1,137000 0,903000 1,935000

3,408403 8,503460 -1,337556
3,303000 1,890000 1,269000

-51,012730 12,499454 -0,174818
1,980000 0,502000 2,222000

-24,863499 8,891001 -0,882700
2,927000 0,967000 0,453000

-25,034544 -10,012175 0,055721
2,740999 1,744000 2,894000

-5,560059 15,511412 -1,436706
0,183000 0,130000 0,420000

-34,127724 -17,891834 1,356500
3,300001 1,633001 0,470000

73,057083 -3,727091 1,321182
0,578003 0,538000 3,055000

63,537834 11,720223 1,421111
0,975998 0,776000 2,311000

53,415405 11,976501 0,516000
0,539997 0,878000 2,636000

25,875278 14,460213 0,096891
3,542999 1,875000 2,162000

15,585770 15,599540 0,677462
0,172999 0,132000 0,525000

3,726413 20,988758 -0,363724
0,918000 4,490002 0,630000

3,338599 21,809881 -0,376240
0,938000 4,467001 0,628000

45,909168 11,179501 -0,972333
2,648998 0,680000 0,524000

22,243202 8,273143 -1,214011
4,182999 1,978000 1,336000

-35,809250 15,042084 -1,011917
3,348000 2,247000 0,767000

41,665462 8,259594 -1,243906
2,733002 2,398000 0,631000

17,015724 8,615598 -1,250872
3,819001 1,881000 1,428000

18,027813 9,528563 -0,617438
0,698000 0,478000 0,401000

-14,700002 15,894767 -0,685843
2,008000 1,698000 0,544000

-18,596600 7,883833 -1,990767
1,449001 0,707000 0,631000

-26,494770 9,136923 -2,374846
3,595999 2,085000 0,362000

1,273286 16,358572 -1,764500
0,483000 3,201000 0,369000

-18,562601 8,643734 -2,314733
2,702000 1,250000 0,365000

7,209524 11,831810 -1,806762
3,035000 4,540000 0,708000

10,173909 9,382818 -1,923091
1,671000 1,518001 0,346000

8,732238 9,082272 -1,936220
2,259000 1,250999 0,302000

6,447546 10,446817 -1,932909
1,877000 2,823000 0,496000

4,115596 9,521491 -2,007545
1,920000 1,456000 0,325000

-3,223889 9,160629 -1,989259
0,972000 1,635000 0,300000

0,548318 10,040045 -2,035182
0,659000 1,802000 0,390000

-2,706032 -4,094985 -1,690194
1,904000 2,775000 1,150000

