-3,898561 -9,318820 -0,733600
0,194000 0,297000 0,820000

-17,716171 17,085142 -1,054113
2,179001 1,546999 0,648000

36,594471 19,980234 -1,121176
1,275997 1,070000 0,521000

33,668083 20,445160 -1,145094
2,278999 3,924000 1,170000

57,315300 12,363501 -0,433600
4,148003 0,687000 0,375000

65,729797 12,192299 -0,524300
4,615002 0,736000 0,415000

27,177221 18,562897 -0,622806
0,802000 1,066000 1,216000

47,199818 18,683363 -0,003182
0,429001 0,459999 0,873000

47,884899 16,232700 -0,014600
0,290001 0,572001 0,871000

16,347637 23,133091 1,044546
0,523001 0,251999 0,324000

15,417580 17,841158 0,684869
1,545000 1,052999 0,866000

18,026461 18,411608 0,848679
1,037001 0,740000 0,630000

41,859894 38,057499 1,462893
2,154999 2,333000 1,336000

15,379351 13,144930 0,363860
0,623000 0,355000 1,221000

29,423500 20,116751 0,985083
0,179998 0,223999 0,850000

32,216484 13,312768 -0,015638
2,839998 0,984000 2,096000

41,734772 13,301147 0,505265
1,450001 0,654000 2,404000

-16,625565 -14,846437 0,842435
2,883000 2,441999 0,362000

-18,337543 -14,890038 0,907808
3,643999 1,703000 0,361000

-46,913853 -20,113571 1,392893
1,233002 1,093000 1,218000

-53,001198 -9,483799 1,381800
4,209000 1,050000 1,296000

-46,684364 13,943272 -1,858727
1,410000 0,592000 0,344000

-50,389393 -13,695145 1,275143
3,110001 1,813001 1,240000

19,644886 -2,019680 0,320283
0,540001 0,554000 1,557000

66,915749 -2,700959 1,018653
2,615997 2,101000 2,833000

-17,886099 30,328451 1,038677
1,051001 1,603001 0,850000

-27,042955 14,452958 0,616783
0,865000 1,540999 0,939000

-59,988075 14,267264 2,092967
3,896999 2,357000 0,746000

-66,972603 13,415649 1,779575
2,701004 2,967000 2,105000

12,340339 -10,809724 -0,288143
1,274000 0,380000 1,391000

71,781105 13,264200 0,798400
0,474998 0,573000 2,123000

-6,659072 23,211575 0,541286
0,667000 1,464001 0,490000

47,347458 36,674461 0,817692
1,729000 1,277000 0,714000

-28,896217 8,720994 -2,002497
3,631001 1,755000 1,394000

-33,283527 8,431088 -2,382471
3,852001 1,261999 1,213000

6,718628 16,945463 -1,191907
1,871000 3,862999 0,590000

5,731544 17,294235 -1,299182
1,253000 1,816000 0,822000

12,151268 11,917706 -1,571415
4,757001 2,132000 0,746000

6,281454 17,106091 -1,407636
0,614000 1,465000 0,428000

3,913194 16,283260 -1,284528
2,188000 4,138000 0,581000

2,392448 15,707309 -1,181621
1,230000 3,693999 0,338000

-9,569322 8,762016 -1,538868
4,512000 2,348000 1,329000

0,886810 15,183405 -1,229881
1,443000 3,941001 0,388000

3,682167 16,240280 -1,538778
1,102000 3,257000 0,376000

-2,384450 17,643902 -1,591950
0,779000 3,417000 0,398000

-2,698000 16,758152 -1,589308
0,853000 4,414001 0,491000

-7,858780 -13,302654 -1,416333
3,782000 2,030000 0,301000

-3,849626 -13,181012 -1,326833
2,915000 4,049001 0,401000

4,992900 16,178249 -1,777750
1,085000 3,373000 0,327000

3,636700 15,305099 -1,718400
1,029000 4,004999 0,533000

