-6,499923 9,579885 -0,927692
1,285000 1,537000 0,375000

11,055600 -13,921451 -1,116850
4,232000 4,672000 0,352000

0,317900 14,810801 -0,844600
0,260000 4,477001 0,308000

3,523470 8,506776 -1,191569
4,177000 2,184000 1,347000

-39,902786 7,995566 -2,198913
1,958000 2,475000 0,892000

-4,259902 8,476408 -1,347730
2,423000 1,992000 1,550000

-49,483082 5,520833 -2,489833
3,042999 0,584000 0,760000

-45,608002 6,307666 -2,120167
3,854000 0,816000 0,575000

-13,472722 16,376640 -0,761639
2,466000 2,296999 0,468000

10,534461 9,757923 -0,545462
0,130000 0,134000 0,339000

14,605899 8,548707 -1,166053
4,953001 1,762000 1,473000

-6,977499 18,307798 -0,421700
1,548000 3,896000 0,359000

28,003653 8,306015 -1,277403
1,681999 2,169000 1,075000

-79,267258 8,269333 -0,416733
2,644997 0,844000 4,759000

-76,946999 17,079546 2,600182
4,481003 3,024000 0,546000

-44,529270 11,625019 1,273212
4,000999 2,312000 1,186000

-30,357889 14,446333 1,078889
0,639999 0,484000 0,639000

-17,936384 19,224979 0,239673
2,584999 3,094000 1,823000

-13,564570 -10,079857 0,635714
0,694000 0,724999 0,325000

-13,717999 -9,346516 -0,339295
2,406000 1,226000 2,529000

-15,009215 -9,564428 0,705572
3,842999 2,497001 0,336000

-16,768969 -10,041451 0,676387
3,365000 1,634000 0,474000

-17,157272 -9,817182 0,700182
1,060999 0,651999 0,351000

-16,981298 -9,392000 0,713100
0,563999 0,278999 0,369000

19,153601 8,901400 -1,757133
3,071001 1,404000 0,311000

-68,174530 -21,252001 2,337467
4,996002 1,704000 0,857000

7,255435 -10,286754 -0,290881
1,065000 0,875000 1,833000

11,710238 -10,407727 -0,309980
0,932000 0,699000 1,970000

13,964204 -9,540622 -0,132303
1,493000 1,293000 2,019000

66,325325 -9,371387 0,927735
1,612999 2,158000 2,826000

75,428276 10,107455 1,737454
0,705002 0,600000 2,331000

65,252037 10,544955 0,810591
0,608002 0,940000 2,770000

55,187355 11,239642 1,360143
0,263000 0,395000 1,734000

-34,146332 18,245335 0,028333
0,222000 0,198999 1,603000

60,822601 -13,460500 0,307400
1,026001 0,396000 1,126000

29,025650 13,878653 0,018565
1,566000 1,152000 0,557000

2,881087 16,995644 -0,082272
1,735000 4,837001 0,360000

9,679134 8,495118 -1,048083
3,941999 2,434000 1,681000

-2,235687 21,014065 -0,235781
0,962000 3,404999 0,311000

52,624775 7,509110 -0,724444
0,313999 1,447000 0,373000

59,070995 9,844181 -0,784545
4,738998 0,762000 0,456000

-2,054125 16,536873 -1,652375
0,814000 3,983001 0,761000

-6,328616 8,317078 -0,973923
0,267000 0,297000 0,303000

-16,227621 13,949763 -2,178571
4,947000 4,804001 0,612000

-2,703667 15,164166 -1,724333
0,552000 2,066000 0,321000

-6,858476 8,237664 -1,730298
1,140000 1,497000 0,964000

-6,448572 9,731679 -2,136357
1,641000 1,634000 0,373000

-3,477408 -3,721509 -1,815143
3,072000 3,083000 1,341000

-2,176777 -3,854653 -1,765564
2,104000 2,894000 1,308000

