-59,126366 14,033364 -2,204273
1,076000 1,528000 0,394000

-63,882000 13,855705 -1,963118
2,131004 2,141999 0,428000

35,510319 19,871685 -1,276737
3,520000 1,548000 0,516000

-4,077878 18,634001 -0,739121
1,320000 3,430000 0,887000

37,604149 32,488316 -1,638711
2,872002 2,147001 1,248000

-4,997250 -9,317584 -0,656104
0,192000 0,206000 0,900000

45,237297 43,675354 -0,493941
2,977001 1,948002 0,405000

26,065002 18,579285 -0,734329
0,639000 1,193001 1,153000

-13,374599 16,026051 -0,402950
3,945000 4,992001 0,842000

46,114502 18,795288 -0,347000
0,527000 0,712000 0,977000

-8,258435 24,593653 0,023739
1,437000 2,211000 0,331000

14,316707 13,126116 -0,125206
0,624001 0,389000 0,957000

51,059952 2,739806 -0,076417
1,686001 2,116000 0,892000

13,893300 19,493952 -0,011700
1,809000 2,271000 1,900000

14,412827 17,801769 0,758635
1,624001 0,979000 0,579000

16,939667 18,437916 0,814333
1,066999 0,873999 0,618000

14,279402 13,159256 0,666343
0,495001 0,337999 0,603000

31,404127 24,016874 1,050958
1,756001 1,462000 0,942000

30,177891 22,160000 1,268055
3,136000 2,572001 0,426000

28,279800 20,171598 1,068400
0,239000 0,243000 0,649000

26,502560 13,355235 0,857176
0,438002 0,945999 1,066000

31,062529 13,313786 -0,099176
2,190998 0,931000 2,225000

40,707294 13,357892 0,421324
0,555000 0,858999 2,359000

-51,354759 -13,541348 1,203759
3,904999 2,028000 1,607000

-54,095402 -9,462199 1,409880
4,338001 1,342000 1,338000

-18,812298 -14,790982 0,928550
4,111000 2,313999 0,374000

-16,692621 -14,794311 0,833690
2,899000 2,589000 0,363000

-5,008444 -9,292278 0,339556
0,162000 0,228000 0,512000

18,541382 -2,014345 0,231443
0,525000 0,592000 1,575000

67,810646 -2,674698 1,153953
2,610001 2,255000 2,863000

-60,210423 14,663105 1,907474
2,713001 0,813000 1,165000

12,230568 -10,771544 -0,159840
1,085000 0,363000 1,380000

40,577358 38,276363 1,241546
1,437000 0,837002 0,954000

-9,672998 24,814939 0,135636
1,486000 3,858000 0,663000

-34,984444 8,612944 -1,837500
0,967999 1,104000 1,041000

-30,146286 8,772229 -2,166831
4,302000 2,154000 1,440000

-48,427994 7,905545 -2,823454
2,924000 0,809999 0,798000

-10,872610 9,391111 -0,907833
1,078000 1,242001 0,307000

4,734269 16,349731 -1,186423
0,944000 0,136002 0,305000

-10,553387 8,761392 -1,561896
4,429000 2,590000 1,357000

2,910208 16,368433 -1,500078
1,926000 1,066000 0,859000

4,717209 17,186792 -1,484046
1,110000 1,584999 0,582000

1,122111 16,077782 -1,276111
1,004000 3,612000 0,352000

3,167576 18,201515 -1,551606
1,542000 3,624001 0,471000

-1,122818 15,947726 -1,285000
0,561000 3,948000 0,385000

-3,562118 17,529709 -1,601412
0,606000 2,776001 0,379000

4,152789 15,819211 -1,568158
1,083000 3,554001 0,575000

2,821429 17,926998 -1,797143
0,920000 3,578001 0,389000

6,675719 -7,787785 -1,372256
3,291000 2,652000 0,309000

2,122968 -7,482126 -1,489028
4,287000 2,889000 0,435000

