-2,082501 -3,943263 -1,755571
1,956000 2,851000 1,260000

1,234906 8,485795 -1,323947
4,088000 1,836000 1,379000

-0,234100 15,717499 -0,911000
0,246000 4,183000 0,376000

-41,564522 6,978138 -2,439138
1,793003 1,907001 0,846000

-7,216380 8,466617 -1,404808
3,848000 2,281001 1,719000

-48,283150 6,173231 -2,376923
0,465000 0,616000 0,868000

8,156044 9,794653 -0,558261
0,143000 0,322001 0,390000

8,674172 9,315759 -0,553310
1,812000 1,537001 0,394000

12,225945 8,627150 -1,213643
4,922999 1,840000 1,492000

-41,701679 12,986085 1,206087
2,902000 2,099000 1,593000

-23,726305 13,813359 0,467333
0,458000 0,710000 1,320000

3,408191 28,596569 0,706333
0,167000 3,228001 1,071000

3,272063 25,719439 0,607812
0,154000 2,142000 0,922000

3,163527 23,499949 0,589632
0,156000 2,071001 0,857000

3,076734 21,664600 0,563067
0,108000 1,507000 0,774000

3,002941 20,181942 0,507941
0,108000 1,566000 0,728000

3,744416 15,518916 0,594500
0,179000 0,128000 0,301000

9,424623 -10,367257 -0,278739
0,966000 0,755000 1,926000

5,039873 -10,171350 -0,504547
0,824000 1,116000 1,889000

4,501205 -10,363945 0,183740
0,337000 0,216000 0,749000

-15,782576 -9,777888 0,627507
1,027999 1,398000 0,460000

-16,622839 -9,451178 0,531268
1,756000 1,080999 0,698000

-14,517523 15,213334 -0,092095
0,176000 0,145000 1,026000

-71,024078 -21,715416 2,485250
2,281006 1,677000 0,543000

-19,752668 -10,296666 0,863833
2,189999 1,054000 0,301000

11,676128 -9,451115 -0,135936
1,834000 1,323000 2,017000

74,188309 -17,469231 1,685385
4,722000 1,208000 2,381000

65,916466 -9,184166 0,936611
2,237999 2,208000 2,807000

73,036240 10,470461 1,639769
1,169998 0,889001 2,648000

62,978851 10,818051 0,722316
0,956001 0,754000 2,679000

52,761356 11,513454 1,417182
0,202000 0,316000 1,282000

26,723663 13,983418 0,019167
1,196001 0,849999 0,528000

-15,840370 -9,356156 -0,937876
1,563999 0,964000 1,706000

37,230461 -11,974308 -0,476692
2,577000 1,090000 0,719000

25,791351 8,323508 -1,148067
2,042999 1,653000 1,310000

7,590386 8,434625 -1,064564
3,830000 2,029000 1,696000

-5,333285 15,291642 -1,191143
1,041000 2,070000 0,371000

2,096535 9,484687 -0,963512
0,897000 1,504000 0,383000

1,278500 9,724095 -1,013222
0,718000 1,307000 0,439000

13,772200 9,492400 -1,854300
2,156000 1,470000 0,320000

-2,221782 12,723190 -1,954795
2,740000 4,000000 0,688000

3,600450 10,075901 -1,833300
0,982000 1,764000 0,395000

-6,573649 9,584301 -2,044000
0,814000 1,272000 0,383000

