-7,741538 18,464155 -1,891615
1,037000 2,564001 0,714000

3,823068 -14,362475 -1,080305
3,222000 4,677000 0,347000

-6,303122 8,476845 -1,398212
4,112000 2,186000 1,392000

4,501741 8,533575 -1,331552
3,462000 2,170000 1,396000

-9,107500 16,473801 -1,139500
2,343000 3,908001 0,413000

-7,745071 18,339857 -1,220286
1,177000 2,968000 0,451000

0,686415 9,482366 -0,789537
0,463000 1,603001 0,431000

6,149069 14,216091 -1,062682
0,549000 0,610001 0,566000

-15,101398 8,407875 -1,631008
3,899000 1,954000 1,620000

-0,049437 8,378468 -1,260754
3,654000 1,339000 1,589000

-33,518497 15,606589 -1,508136
2,844002 2,697001 0,361000

9,207541 9,502749 -0,728333
1,432000 1,580000 0,358000

-56,577400 5,176500 -2,218700
0,486000 1,080000 0,676000

5,712167 15,611444 -0,893389
0,118000 0,104000 0,696000

-49,909206 12,630750 -0,070250
1,430000 0,480000 2,175000

-41,279999 13,742000 0,847700
1,255001 0,781000 0,579000

-4,427474 15,504272 -0,534407
0,226000 0,183001 2,053000

44,379833 12,030889 -0,225667
4,047001 1,613999 2,273000

74,187401 -3,934700 1,200400
0,464996 0,550000 2,625000

-49,893742 11,584283 1,709196
3,215000 3,193999 0,641000

-41,733212 12,981086 1,590348
2,232998 2,252000 0,345000

-40,766582 14,461541 1,568500
1,463001 1,895000 0,316000

-29,026859 18,256567 0,456800
2,682999 2,127001 1,581000

-17,404797 18,662228 0,438818
2,690001 3,165001 1,276000

3,739404 -9,262304 -0,171073
1,357000 1,161000 1,822000

1,467459 -10,293968 -0,290146
0,927000 0,421000 1,538000

-3,022517 -10,211483 -0,272057
1,050000 0,577001 1,689000

-27,726997 -9,777257 1,025538
3,775999 1,190001 0,589000

-23,967026 -9,942016 0,123022
1,618000 1,868999 2,810000

-32,433647 -17,544764 1,333529
4,163000 1,945000 0,356000

64,747353 11,554765 1,436765
1,061005 1,158999 2,358000

54,535500 11,789124 0,507375
0,378002 0,401999 2,671000

5,669269 15,558806 0,351923
0,182000 0,150000 0,796000

33,328350 -11,590649 -0,151300
0,959000 0,314000 1,027000

5,069136 20,817366 -0,364045
1,055000 3,549999 0,599000

4,663677 21,416195 -0,379032
1,328000 4,467999 0,632000

-11,272334 14,896084 -0,307417
1,229000 1,492001 0,371000

42,398533 8,193822 -1,184607
2,115997 1,834001 0,838000

-23,350992 8,283061 -1,360997
4,371000 2,010000 2,031000

18,073410 8,561879 -1,216453
3,835001 1,872000 1,358000

9,320407 8,391754 -1,122029
4,158000 1,423000 1,630000

10,865520 9,431240 -0,571240
1,912001 1,523000 0,370000

-13,465086 15,766735 -0,642883
2,226000 1,918001 0,523000

-34,376350 14,965601 -1,039800
3,136999 2,076000 0,571000

-3,992000 21,220079 -0,803846
1,135000 4,518002 0,443000

7,314515 9,284250 -1,385281
0,451000 0,972000 0,460000

9,195000 12,409201 -1,826900
3,703000 4,699000 0,710000

5,989350 9,469350 -1,946300
1,326000 1,608000 0,333000

5,210700 9,733834 -2,013767
1,460000 1,454000 0,324000

1,731769 9,774538 -1,953615
0,614000 2,132000 0,381000

-2,423645 -3,894912 -1,708222
2,088000 2,933000 1,237000

