-33,362751 8,314333 -2,466167
3,174002 1,282000 0,467000

0,306600 14,736934 -0,887200
0,288000 1,948000 0,318000

6,722908 16,422909 -1,043364
1,878000 3,832000 0,387000

8,136181 14,824908 -1,090546
0,822000 1,637000 0,427000

1,338595 9,421689 -0,897678
0,704000 1,648000 0,550000

3,350877 9,931307 -0,726108
0,455000 0,684000 0,403000

-13,868553 8,400635 -1,459994
3,902999 1,914000 1,417000

-22,938829 8,261267 -1,832801
3,439001 2,055000 1,395000

1,548127 8,498901 -1,304193
4,253000 2,478000 1,718000

-7,481550 8,575129 -1,327636
3,683000 2,610001 1,793000

33,885117 8,570443 -1,378419
4,785004 2,400000 0,434000

10,271414 8,743943 -1,229339
3,976000 2,289000 1,525000

-8,309667 17,752201 -0,581600
1,849000 3,271000 0,375000

-31,421249 7,782870 -1,443365
4,167999 1,948000 1,971000

-31,936934 13,663735 1,248533
0,722000 0,929000 0,401000

-31,079700 14,362200 0,992000
0,302000 0,416000 0,640000

-26,260565 18,063566 0,531297
2,620001 1,743000 1,541000

-12,607182 15,297000 0,652000
0,106000 0,069000 0,472000

-2,434646 15,564809 -0,038979
0,178000 0,145000 1,624000

8,504688 15,507844 -0,004933
1,057000 1,696000 1,628000

56,321316 12,476249 0,733643
3,023998 1,011999 2,797000

-30,794903 -17,472599 1,297400
4,346001 2,314999 0,382000

-2,847335 8,428184 -1,392326
3,412000 1,451000 1,372000

-40,994999 -18,834078 1,509538
0,381001 0,507999 0,504000

-31,540039 -10,505431 0,227892
3,242001 1,861000 3,265000

-47,771770 -19,259998 1,599769
0,849998 0,737000 0,581000

-10,735751 -10,406620 -0,359288
1,370000 1,228000 2,202000

-6,191476 -10,316742 -0,563634
1,540000 1,352000 2,057000

-3,969765 -9,270844 -0,177549
1,378000 1,246000 1,945000

75,624100 -18,151501 2,592100
1,112000 1,253000 0,524000

66,271141 -2,727357 1,034571
0,432999 0,412000 3,181000

46,413815 12,650125 0,825750
0,181000 0,409000 1,399000

29,368034 -11,028518 -0,146333
2,981001 1,211000 1,039000

36,353928 12,735928 -0,433555
1,962997 1,124001 1,121000

7,778071 20,538357 -0,181071
1,515000 3,549000 0,449000

34,927868 8,796869 -0,501696
2,081001 1,011001 0,650000

-4,598109 21,256737 -0,427304
1,700000 4,493000 0,636000

-15,974616 8,995000 -2,145385
2,628000 1,297000 0,349000

2,451125 9,616825 -1,988500
1,221000 1,535000 0,488000

