-2,165266 -3,971379 -1,785556
1,980000 2,910000 1,285000

-29,271833 -12,171249 -1,784083
1,048000 0,824000 0,350000

-15,438301 8,643881 -1,669991
3,535999 2,088000 1,450000

-25,893297 7,985527 -1,867579
3,131001 1,168000 1,396000

-43,592201 39,668602 -1,952900
2,618999 1,436001 0,479000

9,973260 16,644587 -1,060390
1,773000 2,997000 1,448000

27,147863 8,017620 -1,082845
3,385000 1,942999 1,156000

-31,607819 11,621819 0,452364
0,447001 0,439000 0,570000

62,647247 11,066379 0,854000
4,604000 1,919001 1,579000

-53,271381 12,288445 -1,320787
4,673000 0,833000 4,867000

-32,434433 27,691681 0,912110
1,488001 1,789999 2,071000

-12,953040 22,754469 0,733196
2,879001 4,904999 0,883000

-8,697974 19,249733 0,068732
2,397000 4,973001 1,547000

10,280315 -9,153294 -0,449496
1,247999 0,886999 2,085000

4,688735 -9,490891 -0,320771
1,509000 1,432000 1,894000

-24,602608 -13,173913 -1,718348
4,459999 2,085000 0,305000

1,976333 -9,499888 0,416622
0,326000 0,313001 0,351000

30,906124 -11,456827 0,110263
1,734001 1,089000 2,349000

37,897343 -11,132137 0,398050
1,249001 1,139999 2,395000

71,676186 -11,774409 1,191538
2,750999 2,079000 3,092000

12,800279 15,281333 0,518611
0,174000 0,157000 0,709000

1,727640 15,563718 -0,007440
0,272000 0,646000 1,321000

-62,789364 -11,769818 -1,265727
1,394001 0,319000 3,040000

17,865601 22,735800 0,016500
3,962999 4,930000 0,371000

0,527145 15,943365 -0,339052
1,555000 2,393000 0,625000

-48,040501 25,739002 0,062100
4,364002 2,532000 0,627000

-49,985687 14,835884 -0,684441
0,423000 1,967999 2,475000

-11,289385 22,551615 -0,396769
1,146000 1,806000 0,463000

-12,961499 22,741182 -0,439455
2,163000 3,480000 0,549000

19,557831 7,961786 -1,052915
2,247999 0,328000 1,408000

17,296356 8,523398 -1,158662
2,275000 1,714000 1,555000

4,266693 15,733077 -1,149539
0,655000 2,710001 0,323000

-14,114235 16,403944 -1,655941
2,714000 2,721000 0,314000

5,588400 16,970533 -1,598333
1,378000 3,851000 0,628000

0,620310 16,290689 -1,592931
0,683000 3,782000 0,523000

-2,551091 15,412546 -1,531273
0,369000 1,866000 0,379000

1,096133 16,274866 -1,696467
0,550000 3,834001 0,432000

-1,990929 15,780357 -1,666714
0,529000 3,272000 0,440000

11,683524 9,647704 -1,708182
1,746000 1,567000 0,505000

-1,643937 16,548000 -1,776375
0,600000 3,818000 0,322000

