-34,439568 8,669938 -1,715312
1,102001 1,093000 0,821000

-58,459229 13,853616 -2,301846
1,148998 1,647000 0,726000

-47,729198 13,849401 -1,948000
2,324997 0,540000 0,389000

-4,438571 -9,309161 -0,831804
0,175000 0,384000 1,113000

36,098747 20,165302 -1,103650
1,387001 2,438999 0,716000

-6,284904 19,367373 -0,579232
4,838000 3,829000 0,839000

-51,319981 -10,283131 -1,425164
3,393002 1,846001 2,303000

26,622210 18,544458 -0,642262
0,621000 1,135000 1,183000

51,622620 2,618297 -0,082892
1,832001 2,129000 0,902000

-12,049562 21,569374 0,899875
1,477000 1,955999 0,320000

14,374863 19,483192 0,180833
1,478000 1,952002 1,794000

14,872303 17,836523 0,718425
1,503000 1,043001 0,851000

17,509918 18,362761 0,843760
1,324001 0,662001 0,625000

14,831782 13,128084 0,275017
0,658999 0,358000 1,453000

31,574575 13,240704 -0,005319
1,694000 1,531000 2,250000

-17,498501 -15,074501 0,870786
2,712000 2,414001 0,363000

-19,071825 -14,956759 0,948065
3,771999 1,692000 0,371000

-53,175407 -9,673294 1,432765
4,494999 1,964000 1,311000

-50,966415 -13,722583 1,423167
4,186001 2,438999 1,316000

19,079437 -2,030151 0,087137
0,500999 0,542000 2,072000

67,209961 -2,679796 1,162021
2,598999 2,114000 2,846000

41,230843 13,365315 0,348079
0,558998 0,965000 2,387000

-59,796146 14,605072 1,947857
3,452999 0,557000 0,678000

12,278817 -10,806927 -0,231398
1,101999 0,306000 1,382000

51,512058 13,018250 -0,064062
1,784000 0,888000 1,555000

-12,130230 22,331230 0,299308
2,305000 2,897001 0,314000

43,987526 20,062874 -0,234417
4,643002 1,914000 1,979000

-29,536200 8,779155 -2,112161
3,629002 2,445000 1,452000

-10,074646 8,777364 -1,504771
4,497001 2,726000 1,452000

3,743549 16,279564 -1,450775
2,680000 3,240000 0,861000

6,218344 16,921171 -1,364793
0,978000 1,375999 0,418000

4,754061 18,222149 -1,522303
1,580000 3,597000 0,567000

3,856300 18,277899 -1,487000
1,468000 3,621000 0,565000

0,813034 16,047482 -1,288138
1,090000 4,042999 0,363000

-3,226633 12,456962 -1,475139
0,683000 1,672000 0,363000

-4,959127 12,299246 -1,599912
2,559000 2,134000 0,715000

-7,563889 11,895295 -1,886234
1,986000 1,407000 0,656000

-1,442727 11,844181 -1,800137
0,334000 0,370000 0,312000

