-2,031653 8,503901 -1,355951
4,019000 2,070000 1,396000

12,383600 16,927702 -1,311400
2,818000 3,751999 0,343000

9,078813 -14,167439 -1,048625
3,403000 4,536000 0,315000

-15,420576 17,073708 -1,740510
3,508000 3,221001 1,225000

-10,441824 8,442429 -1,480526
4,116000 2,961000 1,599000

-51,887703 5,730700 -2,331300
0,608002 0,878000 0,655000

8,834734 8,551313 -1,228115
3,509000 1,686000 1,360000

24,561434 7,395432 -1,483167
2,426001 1,580000 0,624000

-19,440155 9,417000 -0,746308
1,910000 1,014000 0,324000

14,063444 9,532259 -0,616333
0,899000 0,663000 0,354000

0,940083 21,466164 -0,634833
0,389000 4,371000 0,423000

4,224040 8,450581 -1,152843
3,762000 2,367000 1,671000

18,901142 13,918000 -0,664357
0,953999 0,330000 0,305000

15,322818 9,265819 -0,484909
2,042999 1,324000 0,313000

-18,660976 8,458861 -1,286405
4,448000 2,000000 2,101000

0,214737 15,513263 0,189000
0,209000 0,177000 0,376000

-6,907721 15,408054 0,243778
0,212000 0,120000 0,496000

-36,578293 14,372644 1,289355
2,156002 1,571000 0,982000

-24,013607 18,542446 0,566196
2,650000 2,582001 1,517000

-12,676833 19,604332 0,621417
2,546000 4,118000 0,607000

-2,050087 21,147738 0,482783
0,151000 1,296999 0,912000

-2,010091 22,337456 0,701455
0,047000 1,003000 0,553000

-1,972909 23,265455 0,484455
0,107000 2,798000 1,015000

-1,906313 24,957066 0,596313
0,062000 1,695000 0,918000

-1,838445 26,657221 0,588667
0,102000 2,056000 0,970000

-1,741625 28,981003 0,664792
0,171000 2,448000 1,055000

10,363400 15,506900 0,670300
0,101000 0,103000 0,349000

1,749779 -10,249899 -0,065804
0,372000 0,844000 1,204000

1,202652 -10,266495 -0,370445
0,698000 0,568000 1,673000

-28,460751 -17,384874 1,231813
3,472000 1,788000 0,318000

-23,647585 -10,448000 0,966500
2,764000 1,297000 0,346000

-19,416056 -9,671126 -0,091728
2,042999 1,684000 2,690000

6,007641 -10,320354 -0,297072
0,955000 0,666000 1,864000

8,243971 -9,377007 -0,096799
1,589000 1,340000 1,878000

54,835503 -10,945200 1,187600
0,326000 0,365999 1,975000

65,273956 -8,775620 0,896620
1,800003 2,546000 3,186000

69,422714 10,899643 1,466143
0,973999 0,684999 2,512000

59,336887 11,254390 0,964611
0,811001 0,407001 2,534000

49,199612 11,895615 1,314846
0,252003 0,337000 1,202000

31,739689 14,225779 0,474691
1,836002 1,736000 1,472000

21,508202 15,390534 0,689600
0,152000 0,197001 0,813000

23,089422 14,145264 0,060684
0,941000 0,844999 0,478000

-18,139538 15,107386 0,009615
0,431000 0,250999 0,570000

35,734470 -11,850705 -0,094412
0,874001 0,334000 0,919000

0,276267 15,544489 -0,765356
0,276000 0,116000 1,410000

5,923591 17,125591 -0,359500
0,844000 2,386000 0,371000

-6,842205 15,503794 -0,491487
1,230000 2,294000 0,633000

-10,097857 20,280926 -0,392143
1,013000 2,671001 0,312000

46,943233 8,026000 -1,070846
2,216999 1,486001 0,590000

28,249813 7,917719 -1,135754
4,834000 1,674000 1,196000

22,054422 8,464297 -1,254841
4,245998 2,633000 1,315000

1,769455 -10,006819 -0,946818
0,153000 0,184000 0,303000

-2,854000 9,795181 -0,977591
0,414000 0,193000 0,404000

0,379793 -14,601916 -1,237328
2,438000 4,582001 0,382000

14,384799 8,999600 -1,786500
2,321000 1,372000 0,309000

-20,559835 9,488750 -2,311750
3,290001 1,941000 0,406000

11,209386 9,463538 -1,878693
1,823000 1,518000 0,324000

10,565819 9,566637 -1,884182
1,761000 1,526000 0,340000

0,051588 12,440823 -1,862647
0,488000 4,401000 0,615000

-0,483568 10,088650 -1,906216
0,749000 2,660000 0,511000

-0,706201 -4,714799 -1,670101
4,736000 2,330000 0,354000

3,948087 -2,524025 -1,627680
4,077000 1,718000 1,021000

