-3,176209 -4,392648 -1,806618
2,768000 3,256000 1,283000

-2,194913 18,460739 -0,751130
0,610000 2,851000 0,439000

12,990310 16,373360 -0,879436
2,158999 0,113001 0,307000

-49,212685 13,885490 -1,353878
3,394997 2,616000 0,698000

-15,112000 18,540182 -0,424182
1,397000 1,398001 0,316000

-13,761358 32,220070 -0,523000
0,984000 1,485998 0,423000

-36,473499 -9,774231 -1,092072
0,948002 1,139999 2,066000

15,307465 -10,811932 -0,341600
1,330000 0,412000 0,969000

65,272079 2,530880 -0,086600
1,283997 1,536000 1,118000

32,970814 -10,859761 -0,168857
0,825001 0,496000 1,019000

9,881539 -9,217204 -0,580128
0,754000 0,690000 1,328000

58,646629 20,018032 0,217719
4,590000 1,827999 1,511000

1,887769 36,541462 1,078000
0,365000 1,795002 0,668000

3,630309 13,081832 -0,069119
1,307000 4,087999 1,612000

29,522999 20,085499 1,173900
2,291000 1,652000 0,464000

30,192095 19,742998 1,345182
3,051001 2,529001 0,336000

29,181250 17,850122 1,065417
0,947001 0,723999 0,822000

46,734585 24,159332 1,654833
0,220001 0,708000 0,587000

45,485001 21,896637 1,615455
3,320000 1,897001 0,557000

29,294617 12,860029 0,943118
0,562000 1,266000 1,148000

45,749611 13,263346 0,624609
2,448002 0,832000 2,294000

-32,513653 -17,152884 1,162471
4,577000 2,636001 0,910000

-37,167717 -13,898356 1,063143
1,246002 0,814000 0,910000

-33,478588 -12,051235 1,118353
1,794998 1,111000 0,672000

-35,108665 -9,841501 1,006700
2,952000 1,712000 0,905000

-39,206116 -9,289112 1,232666
4,057999 0,799000 0,749000

-17,577637 -15,559365 0,891636
2,740999 2,663000 0,370000

9,957181 -9,290637 0,445091
0,222000 0,217000 0,427000

-53,176224 14,349053 1,669778
2,315002 1,158000 1,366000

-62,738075 -26,352308 1,669615
0,800999 1,061001 1,193000

33,586235 -2,047077 0,713769
0,318001 0,449000 0,665000

-3,066714 20,415644 -0,966714
0,404000 1,404001 0,319000

-29,347317 9,091291 -1,863060
1,728001 1,907000 1,371000

-39,286667 8,327467 -2,040267
0,661999 0,735000 0,721000

-41,379429 7,541500 -2,537786
1,268002 1,270000 1,006000

-46,038845 8,175231 -2,153923
1,189999 0,716000 0,620000

12,456901 17,405201 -1,064400
2,097000 2,664000 0,310000

-20,358509 8,753486 -1,687257
3,657000 1,615001 1,361000

-32,442997 8,241769 -2,264615
0,869001 0,400000 1,038000

12,371000 18,071846 -1,121385
3,362000 4,246000 0,327000

4,458972 10,000656 -0,733143
0,749000 1,460000 0,405000

3,108197 8,710258 -1,226224
4,658000 1,603000 1,362000

-15,191446 8,768750 -1,592011
4,131000 2,271000 1,418000

-34,520851 8,279650 -2,274150
0,938999 0,562000 0,829000

3,493778 10,016666 -0,849056
0,231000 0,405999 0,392000

6,407270 -8,064463 -1,502226
1,613000 2,018000 0,327000

6,228833 10,105749 -1,760083
1,331000 1,579000 0,314000

