-2,313000 -3,640625 -1,687687
1,546000 2,412000 1,103000

1,432662 8,465095 -1,341253
4,259000 1,992000 1,373000

-12,092009 8,466228 -1,473593
4,566000 2,195000 1,356000

-3,089972 14,151550 -1,470486
0,932000 0,944000 1,172000

-2,013906 14,126829 -1,470562
1,005000 0,855000 1,170000

8,520185 14,415407 -1,082370
0,536000 0,762000 0,350000

6,749369 9,754948 -0,753947
0,893000 1,346000 0,309000

6,308217 8,602639 -1,279763
4,044000 2,750000 1,418000

21,916166 13,871083 -1,483417
0,879999 0,951000 0,386000

-32,239616 7,985150 -1,976596
1,401999 1,775001 1,042000

-8,336000 9,456599 -0,700100
1,846000 1,352000 0,528000

-7,392257 9,535999 -0,793651
1,844000 1,349000 0,502000

-15,555585 -10,363758 -1,214552
2,192000 1,365001 0,656000

-7,407453 8,517464 -1,301017
4,215000 2,527000 1,764000

-16,843542 8,553663 -1,385522
3,721001 2,211000 1,788000

-6,782210 17,308737 -0,486579
1,575000 3,189000 0,340000

-50,182251 12,013667 -0,927333
0,271000 0,631000 0,630000

5,322159 16,664999 -0,306520
0,791000 2,218000 0,362000

21,192421 18,030418 -0,571484
2,884001 2,123001 0,381000

-41,321800 14,000601 1,386300
1,222000 0,927000 0,482000

-34,752148 15,605199 1,377550
2,876999 0,589001 0,332000

-35,449478 16,764935 0,592457
2,822002 1,968001 1,836000

-22,560541 17,706045 1,042625
4,585001 2,656000 0,335000

-1,131637 15,658426 -0,179779
0,222000 1,606000 1,905000

56,617752 -1,916937 0,804687
0,476002 0,350000 3,104000

-20,133776 -10,761876 -0,414058
2,237000 1,525000 2,684000

-20,053598 -10,356267 0,635467
0,195000 0,153000 0,695000

-21,560047 -10,335333 0,845111
1,415998 1,083000 0,476000

-50,346127 -19,443695 1,557609
3,914997 1,750999 1,073000

-3,781093 14,153986 -1,350533
0,483000 0,662000 1,066000

-13,469581 -9,532342 -0,388296
1,425000 1,282000 2,362000

-8,739043 -16,485132 0,741000
1,908000 2,903000 0,307000

-50,570984 12,323978 0,892022
2,117001 1,555000 2,210000

-52,021317 11,626956 1,784091
3,415001 1,640000 0,679000

25,067499 34,144608 0,390917
2,728001 1,395000 1,578000

63,996471 13,639524 0,131210
2,235001 1,035001 2,856000

24,747799 -10,786614 -0,145744
1,264000 0,473000 1,326000

36,523724 13,182944 0,289833
0,221001 0,488000 1,137000

44,677101 -10,517700 0,113800
0,655003 0,220000 1,108000

-15,970679 -10,424821 -0,283321
2,535999 1,552000 0,935000

9,078428 20,046572 -0,068429
1,193001 3,028999 0,449000

0,414678 14,605968 -0,164542
0,605000 1,424000 0,549000

-2,965059 21,427530 -0,266118
0,827000 4,062000 0,460000

2,634714 9,893430 -0,812643
0,387000 0,443000 0,323000

-35,265003 8,445500 -2,471214
4,811001 1,973000 0,368000

-1,413471 16,187119 -1,403823
0,519000 3,946001 0,783000

-3,618875 14,768499 -1,304812
0,451000 1,486000 0,488000

-4,110750 14,771417 -1,265333
0,544000 1,611000 0,394000

-9,692800 9,377720 -2,149840
1,881001 1,481000 0,365000

-6,900259 9,976829 -2,084224
1,408000 1,526999 0,372000

