-23,792959 15,853655 -1,785587
1,962000 2,195000 1,115000

-8,196650 8,548165 -1,409991
3,901000 2,103000 1,655000

-49,021004 6,124799 -2,392200
1,741001 0,650000 0,787000

11,060722 8,618167 -1,236616
3,360001 2,179000 1,406000

6,492148 8,470483 -1,075307
3,886000 1,795000 1,666000

-4,466553 15,714102 -0,326537
0,976000 2,969999 1,239000

-42,928154 12,748043 1,284702
2,841000 2,278000 1,644000

-34,077881 14,299561 1,031440
1,228001 0,749001 1,341000

-24,917999 13,792172 0,472214
0,426001 0,738999 1,370000

-21,814001 19,060770 0,298105
2,670000 2,677999 1,974000

2,589257 15,508948 0,260923
0,193000 0,142000 0,948000

8,281750 -10,313021 -0,363539
1,008000 1,068001 1,936000

3,919650 -10,722052 0,395100
0,112000 0,165000 0,408000

3,784174 -10,190228 -0,424441
1,067000 1,028000 1,870000

-25,548382 -16,655039 1,144808
3,637001 2,035999 0,310000

-19,820578 -9,775051 0,731559
3,755001 1,433000 0,551000

-17,106009 -9,535152 -0,144707
1,969000 1,336000 2,569000

10,517120 -9,437882 -0,112931
1,633000 1,304999 1,935000

71,891930 10,580400 1,587000
1,143005 1,274000 2,602000

61,716385 10,958554 0,907555
0,771999 0,480000 2,616000

23,896170 15,318752 0,829417
0,104000 0,141000 0,675000

23,415785 15,026143 -0,179714
2,832001 1,745999 0,634000

11,776875 19,221813 0,000625
1,613000 2,360001 0,470000

25,156378 8,484132 -1,353492
4,280001 2,776000 1,383000

48,335857 7,487967 -1,108000
3,401997 1,944000 0,535000

0,188470 8,411666 -1,284255
4,057000 0,780000 1,347000

0,784663 9,508628 -1,013814
0,813000 1,499001 0,400000

-0,000305 9,568782 -1,026932
0,624000 1,638000 0,513000

-5,908401 15,986501 -1,815800
1,584000 3,821000 0,428000

-6,562308 15,390924 -1,782077
1,221000 1,923001 0,353000

13,748384 9,412309 -1,846462
2,243000 1,458000 0,322000

-17,721294 9,362941 -2,237294
3,016999 1,973000 0,457000

12,936000 9,109483 -1,824741
2,262000 1,652000 0,323000

10,154446 9,945333 -1,794722
2,483000 2,214001 0,490000

-3,657805 12,699436 -1,984848
2,651000 4,368000 0,661000

-8,511933 9,812000 -2,180133
1,167000 1,713000 0,343000

2,173864 10,108864 -1,869045
0,902000 1,700000 0,313000

