-65,936234 13,853998 -2,115667
2,673996 2,357000 0,846000

33,493080 19,913160 -1,260040
2,723001 1,184000 0,494000

-6,075531 18,641518 -0,826731
1,210000 3,518999 0,911000

-10,282072 -14,364070 -0,527571
0,311000 0,068999 0,326000

-53,755829 -10,194913 -1,222196
2,638000 2,048000 1,429000

31,511499 58,183411 -0,851000
0,908998 0,628998 0,871000

12,313462 13,118692 -0,166231
0,573000 0,191999 0,332000

24,077597 18,531481 -0,664975
0,577002 1,075998 1,129000

44,760002 16,226770 -0,182154
0,417000 0,672999 1,152000

48,411343 2,509122 -0,206561
0,927998 2,014000 1,169000

12,303860 13,102140 0,622279
0,471000 0,860000 0,643000

29,281961 23,875078 1,000704
4,014000 3,987000 0,910000

27,940903 21,803572 1,102429
2,986000 2,634001 0,731000

28,655886 13,221121 0,477840
0,333000 0,250000 1,735000

38,624775 13,194417 0,158667
1,943001 1,106001 2,451000

69,327316 -2,704955 1,099866
2,556999 2,076000 2,935000

16,527983 -2,031064 0,283206
0,530001 0,544000 1,322000

-35,013252 -15,785643 1,105357
3,438999 1,731000 0,977000

-53,413246 -13,602099 1,286400
3,207001 1,743000 1,306000

-6,976312 -9,364937 -0,571813
0,144000 0,160000 0,355000

-55,891270 -9,418599 1,564667
3,697998 0,992000 1,386000

14,987741 18,397882 0,758943
1,256000 0,732000 0,747000

12,925334 17,709665 0,784600
0,361000 0,576000 0,417000

12,099276 17,790709 0,555448
1,172999 1,300001 0,913000

12,775475 20,276619 0,832762
2,267000 3,962999 0,596000

11,802801 19,473782 0,119494
1,268000 1,695000 1,808000

13,232883 23,146942 0,895706
0,735999 0,573000 0,653000

-13,717278 41,202251 1,417555
2,092000 4,216999 0,557000

-13,714291 37,503559 0,833844
1,086000 3,684002 1,407000

-30,128466 14,228066 0,788133
0,309999 0,211000 1,025000

-62,059757 14,771529 2,001647
3,794998 1,240999 0,678000

-64,284599 13,639600 2,347200
1,275997 1,174000 0,410000

12,360157 -10,838344 -0,183969
0,963000 0,379001 1,407000

27,873999 -11,174946 0,017395
2,133999 0,487000 1,647000

26,357000 20,030455 0,404273
0,240999 0,217999 0,557000

-50,232605 14,037600 -2,007650
2,798000 1,219001 0,412000

-61,057800 14,026701 -2,248700
1,335999 1,478000 0,422000

-14,890918 -14,396832 -1,241708
0,426001 0,114000 0,508000

-31,732399 8,834979 -2,156391
2,063002 1,599000 1,287000

-36,499504 8,374228 -2,395182
2,989002 0,714000 1,173000

-46,483047 8,459239 -2,490095
1,198002 1,464000 0,929000

16,533272 -2,035455 -1,051091
0,344999 0,091000 0,424000

0,985581 -14,022832 -1,006317
2,346000 3,068000 0,456000

25,099230 17,207317 -1,680091
3,360001 4,378000 0,319000

3,324001 16,984768 -1,359561
1,784000 4,480999 0,747000

-12,420677 8,786035 -1,633093
4,770000 2,656000 1,373000

-17,395578 -12,626703 -1,575820
4,110001 1,883000 0,312000

2,234834 16,343941 -1,242917
1,515000 0,118000 0,388000

-11,576273 -14,129001 -1,369182
2,697000 2,754000 0,329000

-7,781327 -13,793178 -1,322327
4,268000 4,982000 0,399000

0,558954 16,332533 -1,507561
2,100000 3,300001 0,822000

2,466923 18,298307 -1,540616
0,693000 3,559999 0,450000

-6,894352 -9,280471 -1,266176
0,271000 0,342000 0,445000

-1,928000 15,818646 -1,375622
1,583000 3,538001 0,413000

-5,754964 -11,470667 -1,331167
3,158000 3,314000 0,400000

0,939950 18,095699 -1,869525
0,954000 3,794001 0,449000

0,075450 17,981550 -1,863600
0,385000 3,903000 0,476000

1,733286 15,346643 -1,652071
0,472000 3,681999 0,514000

-65,936234 13,853998 -2,115667
2,673996 2,357000 0,846000

33,493080 19,913160 -1,260040
2,723001 1,184000 0,494000

-6,075531 18,641518 -0,826731
1,210000 3,518999 0,911000

-10,282072 -14,364070 -0,527571
0,311000 0,068999 0,326000

-53,755829 -10,194913 -1,222196
2,638000 2,048000 1,429000

31,511499 58,183411 -0,851000
0,908998 0,628998 0,871000

12,313462 13,118692 -0,166231
0,573000 0,191999 0,332000

24,077597 18,531481 -0,664975
0,577002 1,075998 1,129000

44,760002 16,226770 -0,182154
0,417000 0,672999 1,152000

48,411343 2,509122 -0,206561
0,927998 2,014000 1,169000

12,303860 13,102140 0,622279
0,471000 0,860000 0,643000

29,281961 23,875078 1,000704
4,014000 3,987000 0,910000

27,940903 21,803572 1,102429
2,986000 2,634001 0,731000

28,655886 13,221121 0,477840
0,333000 0,250000 1,735000

38,624775 13,194417 0,158667
1,943001 1,106001 2,451000

69,327316 -2,704955 1,099866
2,556999 2,076000 2,935000

16,527983 -2,031064 0,283206
0,530001 0,544000 1,322000

-35,013252 -15,785643 1,105357
3,438999 1,731000 0,977000

-53,413246 -13,602099 1,286400
3,207001 1,743000 1,306000

-6,976312 -9,364937 -0,571813
0,144000 0,160000 0,355000

-55,891270 -9,418599 1,564667
3,697998 0,992000 1,386000

14,987741 18,397882 0,758943
1,256000 0,732000 0,747000

12,925334 17,709665 0,784600
0,361000 0,576000 0,417000

12,099276 17,790709 0,555448
1,172999 1,300001 0,913000

12,775475 20,276619 0,832762
2,267000 3,962999 0,596000

11,802801 19,473782 0,119494
1,268000 1,695000 1,808000

13,232883 23,146942 0,895706
0,735999 0,573000 0,653000

-13,717278 41,202251 1,417555
2,092000 4,216999 0,557000

-13,714291 37,503559 0,833844
1,086000 3,684002 1,407000

-30,128466 14,228066 0,788133
0,309999 0,211000 1,025000

-62,059757 14,771529 2,001647
3,794998 1,240999 0,678000

-64,284599 13,639600 2,347200
1,275997 1,174000 0,410000

12,360157 -10,838344 -0,183969
0,963000 0,379001 1,407000

27,873999 -11,174946 0,017395
2,133999 0,487000 1,647000

26,357000 20,030455 0,404273
0,240999 0,217999 0,557000

-50,232605 14,037600 -2,007650
2,798000 1,219001 0,412000

-61,057800 14,026701 -2,248700
1,335999 1,478000 0,422000

-14,890918 -14,396832 -1,241708
0,426001 0,114000 0,508000

-31,732399 8,834979 -2,156391
2,063002 1,599000 1,287000

-36,499504 8,374228 -2,395182
2,989002 0,714000 1,173000

-46,483047 8,459239 -2,490095
1,198002 1,464000 0,929000

16,533272 -2,035455 -1,051091
0,344999 0,091000 0,424000

0,985581 -14,022832 -1,006317
2,346000 3,068000 0,456000

25,099230 17,207317 -1,680091
3,360001 4,378000 0,319000

3,324001 16,984768 -1,359561
1,784000 4,480999 0,747000

-12,420677 8,786035 -1,633093
4,770000 2,656000 1,373000

-17,395578 -12,626703 -1,575820
4,110001 1,883000 0,312000

2,234834 16,343941 -1,242917
1,515000 0,118000 0,388000

-11,576273 -14,129001 -1,369182
2,697000 2,754000 0,329000

-7,781327 -13,793178 -1,322327
4,268000 4,982000 0,399000

0,558954 16,332533 -1,507561
2,100000 3,300001 0,822000

2,466923 18,298307 -1,540616
0,693000 3,559999 0,450000

-6,894352 -9,280471 -1,266176
0,271000 0,342000 0,445000

-1,928000 15,818646 -1,375622
1,583000 3,538001 0,413000

-5,754964 -11,470667 -1,331167
3,158000 3,314000 0,400000

0,939950 18,095699 -1,869525
0,954000 3,794001 0,449000

0,075450 17,981550 -1,863600
0,385000 3,903000 0,476000

1,733286 15,346643 -1,652071
0,472000 3,681999 0,514000

-65,936234 13,853998 -2,115667
2,673996 2,357000 0,846000

33,493080 19,913160 -1,260040
2,723001 1,184000 0,494000

-6,075531 18,641518 -0,826731
1,210000 3,518999 0,911000

-10,282072 -14,364070 -0,527571
0,311000 0,068999 0,326000

-53,755829 -10,194913 -1,222196
2,638000 2,048000 1,429000

31,511499 58,183411 -0,851000
0,908998 0,628998 0,871000

12,313462 13,118692 -0,166231
0,573000 0,191999 0,332000

24,077597 18,531481 -0,664975
0,577002 1,075998 1,129000

44,760002 16,226770 -0,182154
0,417000 0,672999 1,152000

48,411343 2,509122 -0,206561
0,927998 2,014000 1,169000

12,303860 13,102140 0,622279
0,471000 0,860000 0,643000

29,281961 23,875078 1,000704
4,014000 3,987000 0,910000

27,940903 21,803572 1,102429
2,986000 2,634001 0,731000

28,655886 13,221121 0,477840
0,333000 0,250000 1,735000

38,624775 13,194417 0,158667
1,943001 1,106001 2,451000

69,327316 -2,704955 1,099866
2,556999 2,076000 2,935000

16,527983 -2,031064 0,283206
0,530001 0,544000 1,322000

-35,013252 -15,785643 1,105357
3,438999 1,731000 0,977000

-53,413246 -13,602099 1,286400
3,207001 1,743000 1,306000

-6,976312 -9,364937 -0,571813
0,144000 0,160000 0,355000

-55,891270 -9,418599 1,564667
3,697998 0,992000 1,386000

14,987741 18,397882 0,758943
1,256000 0,732000 0,747000

12,925334 17,709665 0,784600
0,361000 0,576000 0,417000

12,099276 17,790709 0,555448
1,172999 1,300001 0,913000

12,775475 20,276619 0,832762
2,267000 3,962999 0,596000

11,802801 19,473782 0,119494
1,268000 1,695000 1,808000

13,232883 23,146942 0,895706
0,735999 0,573000 0,653000

-13,717278 41,202251 1,417555
2,092000 4,216999 0,557000

-13,714291 37,503559 0,833844
1,086000 3,684002 1,407000

-30,128466 14,228066 0,788133
0,309999 0,211000 1,025000

-62,059757 14,771529 2,001647
3,794998 1,240999 0,678000

-64,284599 13,639600 2,347200
1,275997 1,174000 0,410000

12,360157 -10,838344 -0,183969
0,963000 0,379001 1,407000

27,873999 -11,174946 0,017395
2,133999 0,487000 1,647000

26,357000 20,030455 0,404273
0,240999 0,217999 0,557000

-50,232605 14,037600 -2,007650
2,798000 1,219001 0,412000

-61,057800 14,026701 -2,248700
1,335999 1,478000 0,422000

-14,890918 -14,396832 -1,241708
0,426001 0,114000 0,508000

-31,732399 8,834979 -2,156391
2,063002 1,599000 1,287000

-36,499504 8,374228 -2,395182
2,989002 0,714000 1,173000

-46,483047 8,459239 -2,490095
1,198002 1,464000 0,929000

16,533272 -2,035455 -1,051091
0,344999 0,091000 0,424000

0,985581 -14,022832 -1,006317
2,346000 3,068000 0,456000

25,099230 17,207317 -1,680091
3,360001 4,378000 0,319000

3,324001 16,984768 -1,359561
1,784000 4,480999 0,747000

-12,420677 8,786035 -1,633093
4,770000 2,656000 1,373000

-17,395578 -12,626703 -1,575820
4,110001 1,883000 0,312000

2,234834 16,343941 -1,242917
1,515000 0,118000 0,388000

-11,576273 -14,129001 -1,369182
2,697000 2,754000 0,329000

-7,781327 -13,793178 -1,322327
4,268000 4,982000 0,399000

0,558954 16,332533 -1,507561
2,100000 3,300001 0,822000

2,466923 18,298307 -1,540616
0,693000 3,559999 0,450000

-6,894352 -9,280471 -1,266176
0,271000 0,342000 0,445000

-1,928000 15,818646 -1,375622
1,583000 3,538001 0,413000

-5,754964 -11,470667 -1,331167
3,158000 3,314000 0,400000

0,939950 18,095699 -1,869525
0,954000 3,794001 0,449000

0,075450 17,981550 -1,863600
0,385000 3,903000 0,476000

1,733286 15,346643 -1,652071
0,472000 3,681999 0,514000

-65,936234 13,853998 -2,115667
2,673996 2,357000 0,846000

33,493080 19,913160 -1,260040
2,723001 1,184000 0,494000

-6,075531 18,641518 -0,826731
1,210000 3,518999 0,911000

-10,282072 -14,364070 -0,527571
0,311000 0,068999 0,326000

-53,755829 -10,194913 -1,222196
2,638000 2,048000 1,429000

31,511499 58,183411 -0,851000
0,908998 0,628998 0,871000

12,313462 13,118692 -0,166231
0,573000 0,191999 0,332000

24,077597 18,531481 -0,664975
0,577002 1,075998 1,129000

44,760002 16,226770 -0,182154
0,417000 0,672999 1,152000

48,411343 2,509122 -0,206561
0,927998 2,014000 1,169000

12,303860 13,102140 0,622279
0,471000 0,860000 0,643000

29,281961 23,875078 1,000704
4,014000 3,987000 0,910000

27,940903 21,803572 1,102429
2,986000 2,634001 0,731000

28,655886 13,221121 0,477840
0,333000 0,250000 1,735000

38,624775 13,194417 0,158667
1,943001 1,106001 2,451000

69,327316 -2,704955 1,099866
2,556999 2,076000 2,935000

16,527983 -2,031064 0,283206
0,530001 0,544000 1,322000

-35,013252 -15,785643 1,105357
3,438999 1,731000 0,977000

-53,413246 -13,602099 1,286400
3,207001 1,743000 1,306000

-6,976312 -9,364937 -0,571813
0,144000 0,160000 0,355000

-55,891270 -9,418599 1,564667
3,697998 0,992000 1,386000

14,987741 18,397882 0,758943
1,256000 0,732000 0,747000

12,925334 17,709665 0,784600
0,361000 0,576000 0,417000

12,099276 17,790709 0,555448
1,172999 1,300001 0,913000

12,775475 20,276619 0,832762
2,267000 3,962999 0,596000

11,802801 19,473782 0,119494
1,268000 1,695000 1,808000

13,232883 23,146942 0,895706
0,735999 0,573000 0,653000

-13,717278 41,202251 1,417555
2,092000 4,216999 0,557000

-13,714291 37,503559 0,833844
1,086000 3,684002 1,407000

-30,128466 14,228066 0,788133
0,309999 0,211000 1,025000

-62,059757 14,771529 2,001647
3,794998 1,240999 0,678000

-64,284599 13,639600 2,347200
1,275997 1,174000 0,410000

12,360157 -10,838344 -0,183969
0,963000 0,379001 1,407000

27,873999 -11,174946 0,017395
2,133999 0,487000 1,647000

26,357000 20,030455 0,404273
0,240999 0,217999 0,557000

-50,232605 14,037600 -2,007650
2,798000 1,219001 0,412000

-61,057800 14,026701 -2,248700
1,335999 1,478000 0,422000

-14,890918 -14,396832 -1,241708
0,426001 0,114000 0,508000

-31,732399 8,834979 -2,156391
2,063002 1,599000 1,287000

-36,499504 8,374228 -2,395182
2,989002 0,714000 1,173000

-46,483047 8,459239 -2,490095
1,198002 1,464000 0,929000

16,533272 -2,035455 -1,051091
0,344999 0,091000 0,424000

0,985581 -14,022832 -1,006317
2,346000 3,068000 0,456000

25,099230 17,207317 -1,680091
3,360001 4,378000 0,319000

3,324001 16,984768 -1,359561
1,784000 4,480999 0,747000

-12,420677 8,786035 -1,633093
4,770000 2,656000 1,373000

-17,395578 -12,626703 -1,575820
4,110001 1,883000 0,312000

2,234834 16,343941 -1,242917
1,515000 0,118000 0,388000

-11,576273 -14,129001 -1,369182
2,697000 2,754000 0,329000

-7,781327 -13,793178 -1,322327
4,268000 4,982000 0,399000

0,558954 16,332533 -1,507561
2,100000 3,300001 0,822000

2,466923 18,298307 -1,540616
0,693000 3,559999 0,450000

-6,894352 -9,280471 -1,266176
0,271000 0,342000 0,445000

-1,928000 15,818646 -1,375622
1,583000 3,538001 0,413000

-5,754964 -11,470667 -1,331167
3,158000 3,314000 0,400000

0,939950 18,095699 -1,869525
0,954000 3,794001 0,449000

0,075450 17,981550 -1,863600
0,385000 3,903000 0,476000

1,733286 15,346643 -1,652071
0,472000 3,681999 0,514000

-65,936234 13,853998 -2,115667
2,673996 2,357000 0,846000

33,493080 19,913160 -1,260040
2,723001 1,184000 0,494000

-6,075531 18,641518 -0,826731
1,210000 3,518999 0,911000

-10,282072 -14,364070 -0,527571
0,311000 0,068999 0,326000

-53,755829 -10,194913 -1,222196
2,638000 2,048000 1,429000

31,511499 58,183411 -0,851000
0,908998 0,628998 0,871000

12,313462 13,118692 -0,166231
0,573000 0,191999 0,332000

24,077597 18,531481 -0,664975
0,577002 1,075998 1,129000

44,760002 16,226770 -0,182154
0,417000 0,672999 1,152000

48,411343 2,509122 -0,206561
0,927998 2,014000 1,169000

12,303860 13,102140 0,622279
0,471000 0,860000 0,643000

29,281961 23,875078 1,000704
4,014000 3,987000 0,910000

27,940903 21,803572 1,102429
2,986000 2,634001 0,731000

28,655886 13,221121 0,477840
0,333000 0,250000 1,735000

38,624775 13,194417 0,158667
1,943001 1,106001 2,451000

69,327316 -2,704955 1,099866
2,556999 2,076000 2,935000

16,527983 -2,031064 0,283206
0,530001 0,544000 1,322000

-35,013252 -15,785643 1,105357
3,438999 1,731000 0,977000

-53,413246 -13,602099 1,286400
3,207001 1,743000 1,306000

-6,976312 -9,364937 -0,571813
0,144000 0,160000 0,355000

-55,891270 -9,418599 1,564667
3,697998 0,992000 1,386000

14,987741 18,397882 0,758943
1,256000 0,732000 0,747000

12,925334 17,709665 0,784600
0,361000 0,576000 0,417000

12,099276 17,790709 0,555448
1,172999 1,300001 0,913000

12,775475 20,276619 0,832762
2,267000 3,962999 0,596000

11,802801 19,473782 0,119494
1,268000 1,695000 1,808000

13,232883 23,146942 0,895706
0,735999 0,573000 0,653000

-13,717278 41,202251 1,417555
2,092000 4,216999 0,557000

-13,714291 37,503559 0,833844
1,086000 3,684002 1,407000

-30,128466 14,228066 0,788133
0,309999 0,211000 1,025000

-62,059757 14,771529 2,001647
3,794998 1,240999 0,678000

-64,284599 13,639600 2,347200
1,275997 1,174000 0,410000

12,360157 -10,838344 -0,183969
0,963000 0,379001 1,407000

27,873999 -11,174946 0,017395
2,133999 0,487000 1,647000

26,357000 20,030455 0,404273
0,240999 0,217999 0,557000

-50,232605 14,037600 -2,007650
2,798000 1,219001 0,412000

-61,057800 14,026701 -2,248700
1,335999 1,478000 0,422000

-14,890918 -14,396832 -1,241708
0,426001 0,114000 0,508000

-31,732399 8,834979 -2,156391
2,063002 1,599000 1,287000

-36,499504 8,374228 -2,395182
2,989002 0,714000 1,173000

-46,483047 8,459239 -2,490095
1,198002 1,464000 0,929000

16,533272 -2,035455 -1,051091
0,344999 0,091000 0,424000

0,985581 -14,022832 -1,006317
2,346000 3,068000 0,456000

25,099230 17,207317 -1,680091
3,360001 4,378000 0,319000

3,324001 16,984768 -1,359561
1,784000 4,480999 0,747000

-12,420677 8,786035 -1,633093
4,770000 2,656000 1,373000

-17,395578 -12,626703 -1,575820
4,110001 1,883000 0,312000

2,234834 16,343941 -1,242917
1,515000 0,118000 0,388000

-11,576273 -14,129001 -1,369182
2,697000 2,754000 0,329000

-7,781327 -13,793178 -1,322327
4,268000 4,982000 0,399000

0,558954 16,332533 -1,507561
2,100000 3,300001 0,822000

2,466923 18,298307 -1,540616
0,693000 3,559999 0,450000

-6,894352 -9,280471 -1,266176
0,271000 0,342000 0,445000

-1,928000 15,818646 -1,375622
1,583000 3,538001 0,413000

-5,754964 -11,470667 -1,331167
3,158000 3,314000 0,400000

0,939950 18,095699 -1,869525
0,954000 3,794001 0,449000

0,075450 17,981550 -1,863600
0,385000 3,903000 0,476000

1,733286 15,346643 -1,652071
0,472000 3,681999 0,514000

-65,936234 13,853998 -2,115667
2,673996 2,357000 0,846000

33,493080 19,913160 -1,260040
2,723001 1,184000 0,494000

-6,075531 18,641518 -0,826731
1,210000 3,518999 0,911000

-10,282072 -14,364070 -0,527571
0,311000 0,068999 0,326000

-53,755829 -10,194913 -1,222196
2,638000 2,048000 1,429000

31,511499 58,183411 -0,851000
0,908998 0,628998 0,871000

12,313462 13,118692 -0,166231
0,573000 0,191999 0,332000

24,077597 18,531481 -0,664975
0,577002 1,075998 1,129000

44,760002 16,226770 -0,182154
0,417000 0,672999 1,152000

48,411343 2,509122 -0,206561
0,927998 2,014000 1,169000

12,303860 13,102140 0,622279
0,471000 0,860000 0,643000

29,281961 23,875078 1,000704
4,014000 3,987000 0,910000

27,940903 21,803572 1,102429
2,986000 2,634001 0,731000

28,655886 13,221121 0,477840
0,333000 0,250000 1,735000

38,624775 13,194417 0,158667
1,943001 1,106001 2,451000

69,327316 -2,704955 1,099866
2,556999 2,076000 2,935000

16,527983 -2,031064 0,283206
0,530001 0,544000 1,322000

-35,013252 -15,785643 1,105357
3,438999 1,731000 0,977000

-53,413246 -13,602099 1,286400
3,207001 1,743000 1,306000

-6,976312 -9,364937 -0,571813
0,144000 0,160000 0,355000

-55,891270 -9,418599 1,564667
3,697998 0,992000 1,386000

14,987741 18,397882 0,758943
1,256000 0,732000 0,747000

12,925334 17,709665 0,784600
0,361000 0,576000 0,417000

12,099276 17,790709 0,555448
1,172999 1,300001 0,913000

12,775475 20,276619 0,832762
2,267000 3,962999 0,596000

11,802801 19,473782 0,119494
1,268000 1,695000 1,808000

13,232883 23,146942 0,895706
0,735999 0,573000 0,653000

-13,717278 41,202251 1,417555
2,092000 4,216999 0,557000

-13,714291 37,503559 0,833844
1,086000 3,684002 1,407000

-30,128466 14,228066 0,788133
0,309999 0,211000 1,025000

-62,059757 14,771529 2,001647
3,794998 1,240999 0,678000

-64,284599 13,639600 2,347200
1,275997 1,174000 0,410000

12,360157 -10,838344 -0,183969
0,963000 0,379001 1,407000

27,873999 -11,174946 0,017395
2,133999 0,487000 1,647000

26,357000 20,030455 0,404273
0,240999 0,217999 0,557000

-50,232605 14,037600 -2,007650
2,798000 1,219001 0,412000

-61,057800 14,026701 -2,248700
1,335999 1,478000 0,422000

-14,890918 -14,396832 -1,241708
0,426001 0,114000 0,508000

-31,732399 8,834979 -2,156391
2,063002 1,599000 1,287000

-36,499504 8,374228 -2,395182
2,989002 0,714000 1,173000

-46,483047 8,459239 -2,490095
1,198002 1,464000 0,929000

16,533272 -2,035455 -1,051091
0,344999 0,091000 0,424000

0,985581 -14,022832 -1,006317
2,346000 3,068000 0,456000

25,099230 17,207317 -1,680091
3,360001 4,378000 0,319000

3,324001 16,984768 -1,359561
1,784000 4,480999 0,747000

-12,420677 8,786035 -1,633093
4,770000 2,656000 1,373000

-17,395578 -12,626703 -1,575820
4,110001 1,883000 0,312000

2,234834 16,343941 -1,242917
1,515000 0,118000 0,388000

-11,576273 -14,129001 -1,369182
2,697000 2,754000 0,329000

-7,781327 -13,793178 -1,322327
4,268000 4,982000 0,399000

0,558954 16,332533 -1,507561
2,100000 3,300001 0,822000

2,466923 18,298307 -1,540616
0,693000 3,559999 0,450000

-6,894352 -9,280471 -1,266176
0,271000 0,342000 0,445000

-1,928000 15,818646 -1,375622
1,583000 3,538001 0,413000

-5,754964 -11,470667 -1,331167
3,158000 3,314000 0,400000

0,939950 18,095699 -1,869525
0,954000 3,794001 0,449000

0,075450 17,981550 -1,863600
0,385000 3,903000 0,476000

1,733286 15,346643 -1,652071
0,472000 3,681999 0,514000

-65,936234 13,853998 -2,115667
2,673996 2,357000 0,846000

33,493080 19,913160 -1,260040
2,723001 1,184000 0,494000

-6,075531 18,641518 -0,826731
1,210000 3,518999 0,911000

-10,282072 -14,364070 -0,527571
0,311000 0,068999 0,326000

-53,755829 -10,194913 -1,222196
2,638000 2,048000 1,429000

31,511499 58,183411 -0,851000
0,908998 0,628998 0,871000

12,313462 13,118692 -0,166231
0,573000 0,191999 0,332000

24,077597 18,531481 -0,664975
0,577002 1,075998 1,129000

44,760002 16,226770 -0,182154
0,417000 0,672999 1,152000

48,411343 2,509122 -0,206561
0,927998 2,014000 1,169000

12,303860 13,102140 0,622279
0,471000 0,860000 0,643000

29,281961 23,875078 1,000704
4,014000 3,987000 0,910000

27,940903 21,803572 1,102429
2,986000 2,634001 0,731000

28,655886 13,221121 0,477840
0,333000 0,250000 1,735000

38,624775 13,194417 0,158667
1,943001 1,106001 2,451000

69,327316 -2,704955 1,099866
2,556999 2,076000 2,935000

16,527983 -2,031064 0,283206
0,530001 0,544000 1,322000

-35,013252 -15,785643 1,105357
3,438999 1,731000 0,977000

-53,413246 -13,602099 1,286400
3,207001 1,743000 1,306000

-6,976312 -9,364937 -0,571813
0,144000 0,160000 0,355000

-55,891270 -9,418599 1,564667
3,697998 0,992000 1,386000

14,987741 18,397882 0,758943
1,256000 0,732000 0,747000

12,925334 17,709665 0,784600
0,361000 0,576000 0,417000

12,099276 17,790709 0,555448
1,172999 1,300001 0,913000

12,775475 20,276619 0,832762
2,267000 3,962999 0,596000

11,802801 19,473782 0,119494
1,268000 1,695000 1,808000

13,232883 23,146942 0,895706
0,735999 0,573000 0,653000

-13,717278 41,202251 1,417555
2,092000 4,216999 0,557000

-13,714291 37,503559 0,833844
1,086000 3,684002 1,407000

-30,128466 14,228066 0,788133
0,309999 0,211000 1,025000

-62,059757 14,771529 2,001647
3,794998 1,240999 0,678000

-64,284599 13,639600 2,347200
1,275997 1,174000 0,410000

12,360157 -10,838344 -0,183969
0,963000 0,379001 1,407000

27,873999 -11,174946 0,017395
2,133999 0,487000 1,647000

26,357000 20,030455 0,404273
0,240999 0,217999 0,557000

-50,232605 14,037600 -2,007650
2,798000 1,219001 0,412000

-61,057800 14,026701 -2,248700
1,335999 1,478000 0,422000

-14,890918 -14,396832 -1,241708
0,426001 0,114000 0,508000

-31,732399 8,834979 -2,156391
2,063002 1,599000 1,287000

-36,499504 8,374228 -2,395182
2,989002 0,714000 1,173000

-46,483047 8,459239 -2,490095
1,198002 1,464000 0,929000

16,533272 -2,035455 -1,051091
0,344999 0,091000 0,424000

0,985581 -14,022832 -1,006317
2,346000 3,068000 0,456000

25,099230 17,207317 -1,680091
3,360001 4,378000 0,319000

3,324001 16,984768 -1,359561
1,784000 4,480999 0,747000

-12,420677 8,786035 -1,633093
4,770000 2,656000 1,373000

-17,395578 -12,626703 -1,575820
4,110001 1,883000 0,312000

2,234834 16,343941 -1,242917
1,515000 0,118000 0,388000

-11,576273 -14,129001 -1,369182
2,697000 2,754000 0,329000

-7,781327 -13,793178 -1,322327
4,268000 4,982000 0,399000

0,558954 16,332533 -1,507561
2,100000 3,300001 0,822000

2,466923 18,298307 -1,540616
0,693000 3,559999 0,450000

-6,894352 -9,280471 -1,266176
0,271000 0,342000 0,445000

-1,928000 15,818646 -1,375622
1,583000 3,538001 0,413000

-5,754964 -11,470667 -1,331167
3,158000 3,314000 0,400000

0,939950 18,095699 -1,869525
0,954000 3,794001 0,449000

0,075450 17,981550 -1,863600
0,385000 3,903000 0,476000

1,733286 15,346643 -1,652071
0,472000 3,681999 0,514000

-65,936234 13,853998 -2,115667
2,673996 2,357000 0,846000

33,493080 19,913160 -1,260040
2,723001 1,184000 0,494000

-6,075531 18,641518 -0,826731
1,210000 3,518999 0,911000

-10,282072 -14,364070 -0,527571
0,311000 0,068999 0,326000

-53,755829 -10,194913 -1,222196
2,638000 2,048000 1,429000

31,511499 58,183411 -0,851000
0,908998 0,628998 0,871000

12,313462 13,118692 -0,166231
0,573000 0,191999 0,332000

24,077597 18,531481 -0,664975
0,577002 1,075998 1,129000

44,760002 16,226770 -0,182154
0,417000 0,672999 1,152000

48,411343 2,509122 -0,206561
0,927998 2,014000 1,169000

12,303860 13,102140 0,622279
0,471000 0,860000 0,643000

29,281961 23,875078 1,000704
4,014000 3,987000 0,910000

27,940903 21,803572 1,102429
2,986000 2,634001 0,731000

28,655886 13,221121 0,477840
0,333000 0,250000 1,735000

38,624775 13,194417 0,158667
1,943001 1,106001 2,451000

69,327316 -2,704955 1,099866
2,556999 2,076000 2,935000

16,527983 -2,031064 0,283206
0,530001 0,544000 1,322000

-35,013252 -15,785643 1,105357
3,438999 1,731000 0,977000

-53,413246 -13,602099 1,286400
3,207001 1,743000 1,306000

-6,976312 -9,364937 -0,571813
0,144000 0,160000 0,355000

-55,891270 -9,418599 1,564667
3,697998 0,992000 1,386000

14,987741 18,397882 0,758943
1,256000 0,732000 0,747000

12,925334 17,709665 0,784600
0,361000 0,576000 0,417000

12,099276 17,790709 0,555448
1,172999 1,300001 0,913000

12,775475 20,276619 0,832762
2,267000 3,962999 0,596000

11,802801 19,473782 0,119494
1,268000 1,695000 1,808000

13,232883 23,146942 0,895706
0,735999 0,573000 0,653000

-13,717278 41,202251 1,417555
2,092000 4,216999 0,557000

-13,714291 37,503559 0,833844
1,086000 3,684002 1,407000

-30,128466 14,228066 0,788133
0,309999 0,211000 1,025000

-62,059757 14,771529 2,001647
3,794998 1,240999 0,678000

-64,284599 13,639600 2,347200
1,275997 1,174000 0,410000

12,360157 -10,838344 -0,183969
0,963000 0,379001 1,407000

27,873999 -11,174946 0,017395
2,133999 0,487000 1,647000

26,357000 20,030455 0,404273
0,240999 0,217999 0,557000

-50,232605 14,037600 -2,007650
2,798000 1,219001 0,412000

-61,057800 14,026701 -2,248700
1,335999 1,478000 0,422000

-14,890918 -14,396832 -1,241708
0,426001 0,114000 0,508000

-31,732399 8,834979 -2,156391
2,063002 1,599000 1,287000

-36,499504 8,374228 -2,395182
2,989002 0,714000 1,173000

-46,483047 8,459239 -2,490095
1,198002 1,464000 0,929000

16,533272 -2,035455 -1,051091
0,344999 0,091000 0,424000

0,985581 -14,022832 -1,006317
2,346000 3,068000 0,456000

25,099230 17,207317 -1,680091
3,360001 4,378000 0,319000

3,324001 16,984768 -1,359561
1,784000 4,480999 0,747000

-12,420677 8,786035 -1,633093
4,770000 2,656000 1,373000

-17,395578 -12,626703 -1,575820
4,110001 1,883000 0,312000

2,234834 16,343941 -1,242917
1,515000 0,118000 0,388000

-11,576273 -14,129001 -1,369182
2,697000 2,754000 0,329000

-7,781327 -13,793178 -1,322327
4,268000 4,982000 0,399000

0,558954 16,332533 -1,507561
2,100000 3,300001 0,822000

2,466923 18,298307 -1,540616
0,693000 3,559999 0,450000

-6,894352 -9,280471 -1,266176
0,271000 0,342000 0,445000

-1,928000 15,818646 -1,375622
1,583000 3,538001 0,413000

-5,754964 -11,470667 -1,331167
3,158000 3,314000 0,400000

0,939950 18,095699 -1,869525
0,954000 3,794001 0,449000

0,075450 17,981550 -1,863600
0,385000 3,903000 0,476000

1,733286 15,346643 -1,652071
0,472000 3,681999 0,514000

-65,936234 13,853998 -2,115667
2,673996 2,357000 0,846000

33,493080 19,913160 -1,260040
2,723001 1,184000 0,494000

-6,075531 18,641518 -0,826731
1,210000 3,518999 0,911000

-10,282072 -14,364070 -0,527571
0,311000 0,068999 0,326000

-53,755829 -10,194913 -1,222196
2,638000 2,048000 1,429000

31,511499 58,183411 -0,851000
0,908998 0,628998 0,871000

12,313462 13,118692 -0,166231
0,573000 0,191999 0,332000

24,077597 18,531481 -0,664975
0,577002 1,075998 1,129000

44,760002 16,226770 -0,182154
0,417000 0,672999 1,152000

48,411343 2,509122 -0,206561
0,927998 2,014000 1,169000

12,303860 13,102140 0,622279
0,471000 0,860000 0,643000

29,281961 23,875078 1,000704
4,014000 3,987000 0,910000

27,940903 21,803572 1,102429
2,986000 2,634001 0,731000

28,655886 13,221121 0,477840
0,333000 0,250000 1,735000

38,624775 13,194417 0,158667
1,943001 1,106001 2,451000

69,327316 -2,704955 1,099866
2,556999 2,076000 2,935000

16,527983 -2,031064 0,283206
0,530001 0,544000 1,322000

-35,013252 -15,785643 1,105357
3,438999 1,731000 0,977000

-53,413246 -13,602099 1,286400
3,207001 1,743000 1,306000

-6,976312 -9,364937 -0,571813
0,144000 0,160000 0,355000

-55,891270 -9,418599 1,564667
3,697998 0,992000 1,386000

14,987741 18,397882 0,758943
1,256000 0,732000 0,747000

12,925334 17,709665 0,784600
0,361000 0,576000 0,417000

12,099276 17,790709 0,555448
1,172999 1,300001 0,913000

12,775475 20,276619 0,832762
2,267000 3,962999 0,596000

11,802801 19,473782 0,119494
1,268000 1,695000 1,808000

13,232883 23,146942 0,895706
0,735999 0,573000 0,653000

-13,717278 41,202251 1,417555
2,092000 4,216999 0,557000

-13,714291 37,503559 0,833844
1,086000 3,684002 1,407000

-30,128466 14,228066 0,788133
0,309999 0,211000 1,025000

-62,059757 14,771529 2,001647
3,794998 1,240999 0,678000

-64,284599 13,639600 2,347200
1,275997 1,174000 0,410000

12,360157 -10,838344 -0,183969
0,963000 0,379001 1,407000

27,873999 -11,174946 0,017395
2,133999 0,487000 1,647000

26,357000 20,030455 0,404273
0,240999 0,217999 0,557000

-50,232605 14,037600 -2,007650
2,798000 1,219001 0,412000

-61,057800 14,026701 -2,248700
1,335999 1,478000 0,422000

-14,890918 -14,396832 -1,241708
0,426001 0,114000 0,508000

-31,732399 8,834979 -2,156391
2,063002 1,599000 1,287000

-36,499504 8,374228 -2,395182
2,989002 0,714000 1,173000

-46,483047 8,459239 -2,490095
1,198002 1,464000 0,929000

16,533272 -2,035455 -1,051091
0,344999 0,091000 0,424000

0,985581 -14,022832 -1,006317
2,346000 3,068000 0,456000

25,099230 17,207317 -1,680091
3,360001 4,378000 0,319000

3,324001 16,984768 -1,359561
1,784000 4,480999 0,747000

-12,420677 8,786035 -1,633093
4,770000 2,656000 1,373000

-17,395578 -12,626703 -1,575820
4,110001 1,883000 0,312000

2,234834 16,343941 -1,242917
1,515000 0,118000 0,388000

-11,576273 -14,129001 -1,369182
2,697000 2,754000 0,329000

-7,781327 -13,793178 -1,322327
4,268000 4,982000 0,399000

0,558954 16,332533 -1,507561
2,100000 3,300001 0,822000

2,466923 18,298307 -1,540616
0,693000 3,559999 0,450000

-6,894352 -9,280471 -1,266176
0,271000 0,342000 0,445000

-1,928000 15,818646 -1,375622
1,583000 3,538001 0,413000

-5,754964 -11,470667 -1,331167
3,158000 3,314000 0,400000

0,939950 18,095699 -1,869525
0,954000 3,794001 0,449000

0,075450 17,981550 -1,863600
0,385000 3,903000 0,476000

1,733286 15,346643 -1,652071
0,472000 3,681999 0,514000

