-12,730916 17,394751 -1,796750
2,003000 2,849999 0,692000

-3,947799 8,493894 -1,409950
3,361000 1,590000 1,386000

-14,567202 -13,528600 -1,394100
3,949000 3,918000 0,434000

-15,065404 8,371899 -1,543525
3,861000 2,176000 1,361000

0,353619 9,696620 -0,651381
0,213000 1,532001 0,308000

0,471234 8,454048 -1,277715
4,187000 2,619000 1,565000

2,170650 9,861867 -0,678750
0,552000 1,588000 0,424000

9,189067 16,021000 -1,026933
2,375000 3,773001 0,604000

-23,903782 8,178849 -1,785194
2,802999 1,974000 1,405000

7,505308 14,298615 -0,773462
0,357000 0,312000 0,312000

9,909962 9,582885 -0,728000
1,406000 1,383000 0,381000

-8,500423 8,526703 -1,272485
3,566000 2,349000 1,741000

9,149415 8,639386 -1,252767
3,901000 1,888000 1,439000

15,536534 9,540333 -0,700867
2,007000 1,407000 0,310000

31,503902 12,742098 -1,072692
2,700001 1,848000 0,407000

-9,470737 17,568367 -0,614789
1,939000 3,102001 0,480000

-44,041634 14,201209 -1,015368
3,207001 1,857000 0,592000

-43,116932 12,321428 1,644929
2,798000 1,148000 0,370000

-41,886250 13,130084 1,149000
2,195000 0,932000 1,108000

-26,818155 17,529587 0,478478
2,774000 2,343000 1,584000

-13,754181 15,257638 0,659364
0,117001 0,084000 0,489000

-3,572178 15,464800 -0,060000
0,398000 1,434999 1,646000

7,451750 15,653907 0,019682
0,831000 1,538000 1,581000

35,119926 12,925825 -0,003575
2,149002 1,161000 2,267000

45,249809 12,743334 0,845190
0,215000 0,336000 1,962000

74,642662 12,134199 2,525700
3,806000 2,895000 0,554000

-41,758602 -18,746601 1,493467
2,521999 1,621000 0,575000

-32,272266 -10,619370 0,937243
2,552998 1,422000 1,067000

-11,831268 -10,481140 -0,382902
1,401000 1,186000 2,263000

-11,592051 -10,214001 0,406150
0,144000 0,152000 0,649000

-7,309594 -10,413487 -0,504036
1,185000 0,859000 2,098000

-5,017599 -9,310422 -0,272271
1,367000 1,099999 2,010000

63,180363 -7,213467 0,853534
2,507999 2,440001 3,099000

65,161003 -2,533231 0,973769
0,400002 0,406000 2,704000

28,856997 -11,025623 -0,136750
0,907999 0,355000 0,913000

-32,915218 -10,497916 -0,766617
2,398998 1,908999 2,249000

10,119182 19,428637 -0,227000
1,119000 2,297001 0,571000

6,859643 19,876286 -0,182286
0,843000 2,833000 0,408000

6,406876 20,166708 -0,122917
1,430000 3,714001 0,443000

-5,892026 21,426996 -0,427237
1,842000 4,462999 0,579000

33,576744 8,945328 -1,207714
4,899002 1,756000 1,062000

3,036000 18,247501 -0,474650
0,749000 4,131001 0,372000

-2,873685 11,769607 -1,994867
1,911000 4,401000 0,673000

2,611933 9,792234 -1,968166
0,889000 1,857000 0,431000

-2,599600 9,822610 -2,060159
2,048000 1,927999 0,352000

0,828470 9,669306 -2,041122
1,350000 1,354000 0,302000

-1,293581 -4,119188 -1,689703
3,923000 2,904000 1,183000

