-32,558273 -1,555364 -12,037637
1,129002 0,365000 0,943000

-1,111520 -4,189614 -1,757461
3,900000 3,406000 1,364000

28,553801 12,518033 -1,491667
2,986000 1,771000 0,635000

-44,963856 7,570072 -1,783286
0,624001 1,164999 0,557000

-19,620590 8,782997 -1,500652
4,085001 2,166000 1,565000

-3,467417 15,576917 -0,645833
0,312000 0,897000 0,306000

7,951925 18,937368 -0,859444
1,953000 3,427000 0,374000

12,686040 9,060610 -1,269606
4,519000 2,455000 1,424000

-35,720272 8,076567 -1,602333
1,394001 1,033000 1,098000

-2,573500 32,746254 -1,333050
0,262000 4,742998 1,065000

-29,689686 8,378633 -1,605927
3,263998 1,884000 1,481000

-3,473114 16,574970 -0,690943
1,092000 3,831000 0,670000

-53,671776 7,074750 -1,853417
2,498001 2,546999 1,646000

-50,493999 12,850083 -1,142417
0,445000 0,520000 0,583000

-8,689733 17,665934 -0,455133
1,702000 3,210000 0,347000

-2,546323 28,033674 -1,539129
0,081000 2,359999 2,195000

7,476250 30,585653 -0,641300
0,862000 0,743000 0,357000

51,529804 18,692192 -0,766192
0,524998 0,873001 1,002000

69,244652 20,285477 -0,575609
2,762001 1,775000 1,769000

75,648125 2,551409 -0,796091
1,228004 2,265000 1,476000

-13,691636 15,662637 0,665091
0,113000 0,088000 0,495000

-2,945357 14,523817 -0,551354
2,295000 2,286000 2,663000

-2,529683 19,891388 -0,051585
0,063000 1,358000 1,855000

-2,547486 24,341459 -0,052568
0,095000 2,129999 2,220000

-2,558357 26,155788 0,727929
0,068000 2,278999 0,835000

-2,562652 28,331348 0,489130
0,092000 2,696001 1,413000

20,818110 24,163046 1,184000
0,654001 3,902000 0,300000

33,996490 13,234097 0,233706
1,087997 0,847000 2,446000

-21,615938 -19,831188 1,025187
4,726000 4,709000 0,367000

-53,690224 -11,194018 1,077080
3,288002 2,268001 2,318000

-25,980946 -9,696116 -0,182183
2,602999 1,514999 2,863000

37,612194 -14,978933 1,343133
0,349003 0,523999 0,451000

60,687397 -7,959001 0,162600
0,801998 0,371000 3,366000

43,934158 -1,886400 0,556733
0,487000 0,619000 2,634000

-53,381298 14,860700 1,814400
1,147999 1,371000 0,621000

-53,665901 13,515800 1,850600
1,987999 0,636001 0,599000

-54,078445 12,162280 1,819360
1,729000 1,575000 0,630000

-27,537001 -10,581294 0,507882
3,440001 1,174001 0,754000

39,631084 13,086771 0,191714
1,850998 1,289001 2,305000

53,265553 20,045555 0,578278
3,939999 1,341999 2,817000

41,439453 18,076910 1,029182
3,433998 1,366001 0,827000

39,033001 19,569715 0,416071
0,433002 0,590000 1,340000

17,474091 22,939363 0,572909
3,054001 2,858000 0,576000

-46,900879 14,565266 0,155053
3,000000 2,187000 1,477000

-59,491425 16,120192 0,086286
2,760998 1,439000 1,843000

-71,533585 11,742251 0,097667
3,472000 1,215000 2,631000

19,192961 -10,753866 -0,467058
1,053999 0,376000 1,221000

38,356556 -10,665837 -0,448280
3,155003 1,124000 1,484000

-12,431168 13,038065 -1,025467
4,461000 4,765000 0,647000

6,916308 35,331230 -1,790308
0,602000 2,403000 0,535000

-2,565067 30,625868 -1,988733
0,190000 3,530001 1,042000

-2,031185 16,701521 -1,218778
0,268000 2,675000 0,865000

-3,725222 14,976222 -0,987222
0,681000 1,375000 0,468000

-4,740208 14,382314 -1,411169
2,021000 2,135000 1,206000

-9,994791 8,717476 -1,408232
3,799000 2,036000 1,416000

-2,564000 37,191818 -2,459273
0,069000 3,877003 0,953000

-3,190333 14,340180 -0,974359
0,514000 0,980000 0,363000

-2,557300 33,611702 -2,401000
0,051000 2,855000 0,785000

-14,438428 15,562929 -1,382857
3,884000 3,797000 0,397000

5,298500 45,683601 -3,338800
0,698000 2,276001 0,420000

-2,032737 15,549527 -1,202895
0,274000 1,557000 0,328000

-5,293316 8,592139 -1,377990
4,038000 2,047000 1,401000

-3,417738 14,182405 -1,546786
0,494000 0,634001 0,694000

5,942950 25,733952 -2,717950
0,522000 0,321001 0,501000

-23,051420 9,277666 -2,240750
3,756001 1,490000 0,396000

-2,331583 23,914833 -2,519500
0,250000 2,569000 0,703000

-21,265308 9,824461 -2,244769
2,910999 1,611000 0,334000

3,176600 49,329201 -5,120400
0,566000 4,917000 0,847000

-3,316637 14,679999 -1,728818
0,356000 0,945000 0,311000

-1,575647 46,146767 -5,231000
0,800000 2,196003 0,772000

