-0,462667 14,873917 -1,191583
0,246000 1,928000 0,347000

-4,146740 8,461942 -1,368607
4,124000 2,348000 1,348000

9,821400 16,869900 -1,470800
2,328000 3,863001 0,587000

6,695952 -14,356262 -1,072143
3,462000 4,566000 0,332000

-18,334389 17,291889 -1,764722
3,667000 3,182000 0,939000

-4,982121 17,753939 -1,392000
0,880000 3,066000 0,908000

2,252081 9,437959 -0,776487
0,761000 1,677999 0,559000

6,656559 8,559160 -1,232532
3,728000 1,923000 1,413000

-48,463905 7,172809 -2,507666
3,069000 2,118001 1,023000

15,925084 15,889750 -1,462195
1,448999 1,399000 0,816000

17,716421 17,286211 -1,321842
2,440000 2,665999 0,743000

12,238913 9,310218 -0,692565
2,301001 1,408000 0,375000

-51,714725 -14,549090 -2,099364
3,792000 0,290000 0,442000

-17,506620 15,606515 -1,487933
3,132000 2,242999 1,574000

2,063254 8,407327 -1,206219
3,773000 2,525000 1,659000

-11,205785 15,809190 -0,534643
2,113000 1,740999 0,492000

-2,094588 15,484983 -0,509956
0,355000 1,334999 2,079000

-39,353317 13,158909 1,539954
2,270000 2,184000 0,325000

-38,616863 14,504501 1,402200
1,770000 1,928000 1,017000

-15,010428 18,944788 0,579286
2,578000 3,667999 1,063000

-1,094911 -10,297369 -0,294980
0,612000 0,520000 1,655000

-29,683786 -17,258286 1,263786
3,740000 2,153999 0,343000

-5,092313 9,595375 -0,986875
0,941000 1,349000 0,475000

-1,261895 3,867405 -1,768134
2,866000 2,889000 1,127000

-24,770205 -9,862823 0,844882
4,283001 1,622001 0,693000

-21,715536 -9,793258 0,003277
2,010000 1,756000 2,728000

-0,607046 -10,490790 0,299488
0,189000 0,823000 0,592000

-0,480248 -10,110836 -0,097331
0,396000 0,399000 1,228000

3,756150 -10,290408 -0,383201
0,961000 0,596001 1,838000

6,005832 -9,290708 -0,177119
1,411000 1,245000 1,863000

52,607365 -10,690000 0,964364
0,285999 0,351000 2,237000

64,878181 -8,595016 0,930661
2,236004 2,205000 2,765000

67,047699 11,256941 1,477176
1,011002 0,818000 2,432000

56,937939 11,556589 0,842118
0,446999 0,415999 2,436000

46,837715 12,076715 1,224786
0,280998 0,366000 1,149000

34,536884 -11,716059 0,007706
0,734001 0,335000 0,886000

-65,086540 8,024909 -0,410000
0,422005 0,839000 2,003000

44,560181 8,188322 -0,814071
1,602997 1,688000 0,809000

-8,764563 14,701374 -0,471562
1,094000 1,756000 0,674000

20,283875 8,566566 -1,245732
3,783001 2,807000 1,407000

-21,009171 8,359628 -1,343308
4,337000 2,147000 2,025000

8,850066 15,488667 -1,619333
2,589000 3,862000 0,353000

-25,137251 8,828916 -2,417000
4,951000 1,597000 0,508000

5,691300 12,229401 -1,739200
2,497000 4,888000 0,728000

-13,825000 9,837085 -2,268583
1,547999 0,650001 0,304000

8,020249 9,410393 -1,924750
1,513000 1,448999 0,325000

-3,064706 9,921119 -1,951530
0,833000 2,318000 0,367000

2,233139 9,322582 -1,933991
2,078000 1,414000 0,312000

-2,787025 -4,045300 -1,692950
1,987000 2,722000 1,146000

