-1.937200 -10.048385 -0.979560
0.482000 0.384001 0.653000
-6.382900 18.096899 -1.164700
0.966000 2.957998 0.312000
5.609057 8.597897 -1.332774
3.445000 2.241000 1.452000
1.177188 9.668843 -0.714969
0.225000 1.671000 0.456000
21.539080 8.011541 -1.481708
1.830000 1.018000 0.607000
-48.722244 6.559250 -2.481042
1.864002 1.718000 0.913000
-13.875259 8.423601 -1.534408
3.838000 1.809999 1.682000
-5.841278 15.890668 -1.280544
0.336000 1.706001 1.402000
-3.072300 21.216700 -0.813900
0.915000 4.490999 0.333000
1.000499 8.406730 -1.232609
3.748000 2.338000 1.659000
10.299161 9.398387 -0.727645
1.486000 1.549999 0.366000
-55.502098 5.413000 -2.132000
0.569000 1.059000 1.012000
-3.231000 15.462553 -1.050211
0.490000 1.526000 1.252000
-2.664200 21.604401 -0.790400
0.737000 4.367001 0.437000
-33.473179 15.334908 -1.103273
3.184999 2.132000 0.696000
-12.359545 15.829844 -0.582978
1.778000 1.732000 0.510000
-9.446935 -16.033098 -0.101452
0.592000 0.377999 0.553000
-48.728916 12.792168 -0.003875
1.166000 0.637000 2.384000
27.237625 16.348875 0.575688
4.667000 2.506000 0.832000
45.300003 11.940756 -0.153122
4.717003 1.651999 2.320000
75.340401 -4.114600 1.215900
0.514000 0.560000 2.666000
-48.853363 11.863370 1.686196
3.108997 2.966001 0.640000
-40.442532 12.680410 1.562941
1.572002 1.511000 0.310000
-39.738682 14.259298 1.361946
2.174999 1.763000 1.014000
-16.090418 18.635363 0.443389
2.619000 3.426001 1.245000
-10.507692 15.354309 0.604538
0.276999 0.109000 0.446000
-3.327750 15.490608 0.331321
0.205000 0.169000 0.873000
6.846828 15.546519 0.280276
0.172000 0.151000 1.023000
-1.584238 -10.105936 0.071041
0.299000 0.500999 0.999000
-2.364985 -10.354176 0.279029
0.306000 0.158000 0.587000
-31.254801 -17.401300 1.307100
3.018999 1.716000 0.326000
-5.325587 8.416843 -1.385199
4.104000 1.799000 1.401000
-26.045004 -9.935266 0.896733
3.915001 1.599999 0.595000
2.639284 -10.265486 -0.411144
0.917000 0.932000 1.852000
4.858148 -9.289573 -0.182388
1.442000 1.212000 1.847000
65.846687 11.396812 1.216313
0.623001 0.671000 2.791000
55.605247 11.676100 0.414000
2.163998 0.527000 2.732000
33.881096 -11.620454 0.186000
0.632000 0.369000 0.398000
66.846062 15.572646 -0.078882
1.374001 1.599000 0.437000
19.662165 14.232166 -0.096222
1.089001 0.667000 0.334000
-21.648384 14.964384 -0.352769
0.132000 0.210000 0.809000
-66.284691 7.826200 -0.431000
0.338005 0.842000 2.038000
6.068167 21.507057 -0.328667
1.382000 4.420000 0.435000
-2.244977 -10.346675 -0.318512
0.293000 0.172000 0.323000
42.909889 8.114954 -1.075581
3.476997 1.793000 1.062000
-10.226924 15.038540 -0.391385
1.221001 1.521001 0.438000
-22.227142 8.318024 -1.386743
4.614000 1.995000 2.082000
24.541441 8.137010 -1.131566
3.096001 1.466000 1.035000
18.871952 8.620070 -1.207149
2.597000 1.650001 1.323000
20.484911 9.486363 -0.662727
0.641998 0.499000 0.308000
-6.468578 18.553896 -1.841684
1.002000 3.088999 0.699000
-5.332366 9.285833 -1.034633
0.789000 1.393000 0.357000
-24.489502 9.458333 -2.378583
3.247002 1.533999 0.330000
-16.254726 12.258819 -2.200454
4.125999 3.451000 0.513000
-3.642039 9.336885 -1.358461
0.128000 0.910000 0.451000
-7.120166 9.374000 -2.051250
1.567000 1.253000 0.310000
3.057000 9.784600 -1.942300
0.759000 1.867001 0.318000
-4.561185 9.627704 -1.978407
0.745000 1.693000 0.346000
4.775285 -2.152828 -1.609888
3.352000 1.302000 0.335000
