-2.238286 -3.398286 -1.706600
1.480000 2.300000 1.049000
-5.931000 16.297701 -1.300500
1.577000 4.067001 0.484000
-12.524000 -14.856000 -1.357800
3.965000 4.811999 0.490000
-14.096091 15.949183 -1.547273
1.145000 1.252001 0.379000
-6.037169 8.570817 -1.420591
3.710000 2.444000 1.488000
-2.627213 9.866129 -0.730511
0.930000 1.251000 0.494000
-17.104803 8.340896 -1.510906
4.216001 2.191000 1.261000
-26.296036 7.994671 -1.853754
3.510000 2.312000 1.380000
-1.541825 8.417348 -1.279343
4.183000 1.002999 1.676000
7.225104 8.673140 -1.279291
3.884000 2.645000 1.504000
13.282145 9.643250 -0.751107
1.761000 1.441000 0.315000
-10.601830 8.527222 -1.254678
3.847000 2.326000 1.760000
-11.881500 17.294357 -0.572143
1.941000 2.726999 0.378000
62.736622 -2.352500 0.336688
1.354000 0.598000 3.033000
-45.590000 12.016400 1.774500
2.357998 1.108001 0.369000
-44.312557 12.358044 -0.107514
3.888000 1.023000 3.933000
-29.190071 17.311543 0.611091
2.747999 2.232000 1.455000
-16.007000 15.182364 0.702091
0.112000 0.085999 0.524000
-5.733533 15.377015 -0.285900
0.786000 1.594999 1.901000
5.216163 15.653790 0.097302
0.668000 1.716000 1.321000
30.943197 30.835903 1.506300
0.292999 0.393999 0.483000
53.049088 12.918365 0.777045
0.228001 0.411000 2.616000
-43.775707 -18.922144 1.549429
3.630001 1.526001 0.618000
-51.021336 -19.544415 1.703583
0.787998 0.753000 0.624000
-13.917197 -10.533734 -0.333537
1.667001 1.472000 2.349000
-9.483967 -10.461015 -0.448332
1.988000 1.105000 2.155000
-7.180342 -9.363914 -0.231874
1.640000 1.125000 2.053000
4.466100 20.530500 -0.126200
1.071000 3.642000 0.430000
4.041526 21.028894 -0.152000
1.004000 4.405001 0.440000
31.351217 8.966056 -1.178953
4.789999 2.610000 1.439000
-8.211412 20.910820 -0.306294
1.763000 4.248001 0.493000
5.050688 14.999187 -1.523500
0.968000 2.214000 0.347000
2.665423 14.130540 -1.743116
0.341000 0.434000 0.310000
11.357166 9.730083 -1.817917
2.282000 1.855000 0.388000
-11.133200 9.853333 -2.080400
1.547000 1.652000 0.335000
0.111393 9.881536 -1.971607
0.530000 1.696000 0.399000
-0.860600 9.466001 -1.873500
0.299000 1.787000 0.464000
-3.095384 9.546538 -2.030846
0.546000 1.474999 0.322000
-0.064958 -4.868307 -1.641915
4.771000 2.373000 0.306000
