-33.397797 -1.551300 -12.398499
1.079998 0.375000 0.962001
-2.122011 -4.148015 -1.778358
2.482000 3.312000 1.330000
-5.391977 9.888356 -1.985511
0.933000 2.048000 0.323000
-5.034084 17.438000 -0.685167
0.903000 2.845001 0.352000
-4.286834 15.976001 -0.619167
1.197000 3.783000 0.326000
7.176273 18.921820 -0.850424
1.546000 3.507999 0.377000
11.819938 8.987900 -1.260528
4.618000 1.941000 1.450000
-46.008831 7.909936 -2.041710
2.529999 1.722000 1.248000
-30.154902 8.583371 -1.322163
1.594000 1.622000 1.321000
-20.575651 8.826635 -1.512519
4.145000 2.011000 1.636000
5.827647 32.836647 -1.137706
0.789000 4.275000 0.492000
-55.031345 7.025827 -1.619400
4.082001 1.668000 1.397000
-55.463501 12.495811 -1.095375
2.738998 0.926000 0.303000
-51.616085 12.742364 -1.139909
1.049004 0.368999 0.590000
-9.664666 17.607721 -0.501278
1.861000 3.139001 0.371000
-4.098695 38.432606 -0.486087
0.718000 4.672001 0.742000
68.017372 20.189924 -0.630852
4.548004 1.877001 1.766000
74.760155 2.729077 -0.891961
1.085999 3.063000 1.461000
37.623894 -10.580112 -0.391500
2.010002 0.324000 1.379000
18.856998 -10.744755 -0.448361
1.008999 0.432000 1.325000
-3.467000 27.334528 0.082083
0.072000 1.922001 2.045000
4.866204 33.587738 0.599078
1.453000 2.049000 1.872000
6.324333 33.577297 0.654583
1.260000 4.085001 1.647000
5.520864 19.820955 0.785318
0.917000 2.701000 0.306000
19.923317 24.187452 1.169364
0.629999 3.841000 0.300000
39.925694 21.587122 1.384030
2.109001 2.085001 1.130000
38.342907 19.696547 1.393818
1.197998 0.997999 0.493000
40.521767 18.054153 1.158769
3.584999 1.528999 1.009000
33.088711 13.189937 0.154729
1.125999 0.588000 2.392000
-54.488167 -11.207952 1.069345
3.122002 1.917000 2.388000
-25.058907 8.428753 -1.449274
3.861000 1.218000 1.353000
-26.914116 -9.669753 -0.209389
2.268999 1.046000 2.940000
-22.751287 -16.730043 0.981289
3.638000 2.225000 0.555000
-22.532768 -19.781654 1.068654
4.795000 4.756001 0.492000
36.680248 -14.974917 1.334417
0.308998 0.456000 0.440000
42.997860 -1.935500 0.633366
0.488003 0.474000 2.579000
-3.444695 25.639204 -0.628237
0.114000 1.723000 3.484000
-3.449921 24.282923 -0.024684
0.076000 1.429001 2.099000
-3.966313 14.495251 -0.540730
1.905000 2.138000 2.650000
-4.394869 16.535826 0.602044
1.175000 3.667999 0.482000
-4.364200 15.695799 0.612900
0.400000 1.162001 0.326000
-54.531750 13.365432 1.855591
1.845997 3.684000 1.065000
38.756073 13.026270 0.493308
0.487000 1.286000 1.801000
15.244750 21.626501 0.631833
0.672000 1.109001 0.344000
16.953688 23.272501 0.462375
2.490001 2.308001 0.351000
-14.556999 15.721857 0.214643
0.119000 0.146000 0.629000
50.544132 13.463307 -0.553692
3.112000 1.728000 2.766000
-47.821297 14.566525 0.202029
3.186001 2.201000 1.510000
-72.142365 11.666000 -0.203000
4.882004 1.462999 2.674000
-3.435826 27.108608 -1.788478
0.161000 2.077000 1.558000
-33.413792 7.595368 -2.057105
1.523003 1.173000 0.916000
-3.084635 14.669361 -1.345477
0.514000 1.862000 1.243000
-6.200187 14.723316 -1.082555
1.242000 1.922999 0.884000
-10.602489 8.728191 -1.227926
2.742001 1.910999 1.415000
-27.492144 8.209856 -1.707357
0.838001 0.187000 0.905000
-3.429750 24.176350 -1.738700
0.084000 1.396000 1.056000
-4.493055 14.748084 -0.998639
0.762000 1.276999 0.482000
6.188200 30.096201 -1.911300
0.648000 4.378000 0.448000
-3.468333 36.179276 -2.496722
0.086000 4.737000 1.082000
-2.992279 16.073372 -1.168674
0.502000 3.171000 0.471000
-5.302215 14.252440 -1.382663
1.498000 1.126000 1.103000
-6.152421 8.604496 -1.358142
4.055000 2.250000 1.413000
-13.077056 8.443779 -1.805506
1.274000 1.101999 0.795000
-2.935000 16.769949 -1.632800
0.346000 2.601000 0.381000
3.788154 19.837229 -2.369000
0.838000 4.968000 0.478000
