-34.208500 -1.561700 -12.701699
1.143002 0.344000 1.004000
-2.897083 -4.203526 -1.780317
2.709000 3.218000 1.289000
-37.416225 8.143999 -1.727185
1.126999 0.932000 0.716000
-4.319957 36.169262 -2.073522
0.263000 3.868000 1.935000
-4.340000 44.590183 -1.932636
0.074000 3.262001 0.904000
11.469666 9.658916 -0.795542
1.171000 1.245000 0.413000
11.032618 8.938988 -1.234252
4.625999 1.917000 1.294000
-21.407228 8.840198 -1.560166
4.002001 2.364000 1.648000
-4.347632 38.430210 -1.709895
0.282000 3.493000 1.569000
31.749357 12.177951 -1.293333
3.542002 1.193000 0.813000
-14.675900 16.286499 -0.599300
3.801001 3.648000 0.312000
-55.575951 7.318696 -1.537565
1.959000 1.466000 1.304000
-55.921741 12.514366 -1.150316
4.632000 0.889000 0.388000
-30.965775 8.580556 -1.348200
3.378998 1.596000 1.533000
3.813000 46.832600 -1.086000
0.940000 4.285999 0.597000
18.627363 -9.257273 -0.525818
0.261000 0.156000 0.617000
-14.838400 18.823299 -0.483900
0.974999 1.063000 0.754000
49.704155 18.675001 -0.713115
0.626999 0.965000 0.970000
37.306648 -10.623601 -0.522250
1.799000 0.388000 0.974000
18.621664 18.548698 -0.249125
2.525999 2.767000 0.631000
73.795341 2.663462 -0.765885
1.530998 2.540000 1.434000
4.985143 34.309643 -0.196929
0.686000 3.042000 0.699000
11.236362 20.724028 -0.076250
2.952001 4.508001 0.485000
67.344345 20.180422 -0.471923
2.581001 1.964001 2.059000
18.456190 -10.740584 -0.424000
0.925001 0.359000 1.299000
5.516200 34.908867 1.194467
0.811000 3.813999 0.370000
5.664706 33.079647 0.947353
0.484000 1.442001 0.654000
4.579095 19.804096 0.779333
0.814000 3.009001 0.316000
15.434365 22.652275 0.901500
1.715000 2.740000 0.555000
37.572971 17.893131 0.899016
3.018002 2.235001 2.749000
40.341362 18.352713 1.160071
2.288998 1.201000 1.067000
32.158585 13.213750 0.087229
1.165998 0.906000 2.332000
37.821846 13.203154 0.706115
0.909000 1.500000 2.199000
68.522606 13.078233 1.542731
4.002998 1.337999 3.385000
42.092587 -1.924469 0.616156
0.583000 0.525000 2.525000
26.745001 12.936685 -1.251789
3.073000 1.908000 0.587000
-27.749624 -9.664656 -0.185938
2.551001 1.398999 3.031000
-5.230600 15.702001 0.600800
0.381000 1.168000 0.330000
-26.626245 15.354583 1.098250
0.394001 0.375999 0.346000
-55.564556 13.114867 1.859481
2.343002 3.326000 1.092000
-73.092308 10.220750 2.442062
2.155006 1.676001 0.528000
-29.418467 -10.547601 0.485533
3.351999 1.025000 0.548000
-15.484929 15.722643 0.163214
0.250000 0.188000 0.535000
5.566538 18.899538 -0.833615
1.239000 3.297001 0.310000
-11.384992 8.814163 -1.272896
4.125999 1.875000 1.431000
4.881182 34.897274 -2.215545
0.434000 0.280998 0.652000
-7.002380 8.659660 -1.399643
3.911000 2.656000 1.465000
-13.959621 8.361691 -1.859619
1.597000 1.371000 0.852000
-3.894052 17.072840 -1.788579
0.380000 0.831001 0.575000
-11.220117 9.834824 -2.005294
2.059000 1.676001 0.405000
