-2.944515 -4.286082 -1.693983
2.530000 3.389000 1.152000
-8.017246 8.527139 -1.351973
3.245000 1.879000 1.460000
-4.921658 9.899947 -0.812105
0.668000 0.213000 0.435000
-3.743115 8.811731 -0.801423
0.116000 0.340000 0.372000
-3.966876 9.744408 -0.757875
1.062000 1.389000 0.531000
-2.872539 9.768956 -0.798637
0.974000 1.628000 0.452000
4.325852 8.604743 -1.340483
2.035000 1.651000 1.403000
7.016166 9.816000 -0.708792
1.219000 1.257000 0.344000
-28.037588 8.134522 -1.734939
1.330000 1.702000 1.068000
6.650003 8.500206 -1.158163
1.799000 0.893000 1.408000
-19.495028 8.290095 -1.515546
4.139000 2.296000 1.300000
-3.524933 8.445849 -1.281107
4.194000 1.737000 1.700000
10.138290 8.666112 -1.265711
3.942000 1.393001 1.319000
26.992960 13.082777 -1.133296
1.438000 1.371000 0.316000
-7.206807 -15.722137 -0.581583
0.687000 0.191999 0.306000
-12.654805 8.532828 -1.223561
3.842999 2.056000 1.669000
-14.131166 17.032751 -0.521500
1.922000 2.275001 0.364000
-45.903362 12.325805 0.494631
1.818001 1.320001 2.854000
-37.244762 13.617759 1.349880
1.302002 1.162000 0.768000
-31.510023 17.204050 0.568316
2.757000 2.136001 1.531000
-18.206306 15.124230 0.728000
0.170000 0.131001 0.564000
-7.938222 15.490387 0.488611
0.129000 0.145000 0.618000
3.062186 15.713148 -0.054500
0.496000 1.745000 1.655000
50.879574 13.067317 0.954474
0.424999 0.531000 2.193000
60.866135 -2.212267 0.544333
0.285999 0.604000 3.342000
-16.132036 -10.420519 0.412414
1.019000 0.545000 0.826000
-36.885948 -10.813438 0.451992
3.209000 1.712999 3.279000
-46.315533 -19.248600 1.614334
0.338001 0.671000 0.567000
-15.996492 -10.664601 -0.426000
1.207999 1.198999 2.395000
-11.672379 -10.468344 -0.642588
2.624000 1.793000 2.229000
-9.291673 -9.418547 -0.305488
1.428000 1.051000 2.210000
54.402542 -15.162273 1.818091
0.306999 0.564000 0.629000
30.876604 13.098334 -0.320354
3.406000 1.396000 1.887000
-11.222063 -10.481874 0.082125
1.719000 1.558000 0.569000
55.402466 12.337999 -0.279923
4.305000 1.450000 2.636000
47.069748 -10.715500 -0.170000
0.759003 0.292000 1.172000
4.495167 14.389445 -0.123556
0.159000 0.592999 0.364000
26.511393 -10.753130 -0.404522
3.094000 1.368000 0.939000
2.060176 21.024118 -0.138235
0.634000 4.180000 0.401000
1.567474 21.734314 -0.164737
0.294000 4.025000 0.406000
29.167067 9.080264 -1.229671
4.064999 2.531000 1.504000
-48.172001 13.677963 -0.805885
3.794003 2.375000 0.976000
2.993176 15.217705 -1.134941
0.490000 1.816000 0.506000
0.067353 15.794647 -1.146059
0.271000 2.169001 0.563000
0.722416 14.276004 -1.487383
1.350000 1.587000 0.970000
1.822636 15.920728 -1.549818
0.691000 3.983000 0.531000
-9.324643 13.000856 -1.958500
2.515000 3.804000 0.581000
-2.347809 9.893524 -2.015524
0.571000 1.842000 0.317000
-4.622889 9.625794 -2.070984
2.295000 1.590000 0.367000
