-1.653225 17.770107 -1.210516
0.949000 3.208999 1.055000
-47.175167 25.756166 -2.397833
0.980999 0.499001 0.678000
-0.367372 15.327751 -1.041711
1.451000 2.341999 1.220000
0.159750 17.293301 -0.748100
0.576000 1.813999 0.347000
29.024839 8.018561 -1.367320
1.013000 1.474000 0.554000
-42.119499 13.648167 -1.893056
0.882000 0.648000 1.016000
-34.727665 33.027168 -1.762000
0.761002 1.269001 0.325000
-39.305401 13.791868 -1.953300
1.302002 0.863000 1.269000
38.755306 7.192230 -1.224462
2.297001 1.645000 0.584000
8.092751 -15.164417 -0.637417
0.274000 0.118000 0.321000
-63.298302 10.886300 -1.981200
0.813999 0.365000 1.189000
-5.874200 24.377934 -0.634000
1.497000 4.301001 0.324000
-58.163319 27.262598 -1.796720
2.824001 1.514000 2.269000
-6.535905 24.703430 -0.747190
1.678000 4.798000 0.754000
52.918812 11.267251 -0.997437
3.563000 1.012000 0.903000
74.418495 -12.987848 0.744182
3.068001 1.958000 2.699000
-35.429497 17.310001 1.071400
0.478001 0.252001 0.948000
-19.346621 12.377571 0.666095
0.677000 0.674000 0.706000
-31.187187 37.934628 1.671438
2.955999 3.221001 0.636000
-30.323366 38.854362 1.647909
3.318998 4.479000 0.706000
42.273266 -12.420805 0.601640
1.911003 1.512000 2.663000
21.766298 -9.653620 -0.050116
1.687000 0.628000 2.174000
16.269670 -9.865028 -0.068050
2.372001 1.420000 2.036000
13.615545 -9.752090 0.612636
0.280000 0.117001 0.405000
31.443207 17.150000 0.823848
3.047998 2.227001 1.315000
20.117628 19.622812 0.735688
2.891001 2.703001 0.925000
13.880969 15.442324 0.210129
0.255000 0.200000 1.372000
-1.866909 15.505908 0.540182
0.103000 0.097000 0.371000
-37.662323 16.197704 -0.519193
1.715000 2.092001 3.256000
-1.865000 15.548752 -0.145375
0.156000 0.145000 0.677000
-24.696907 19.447456 0.004636
0.536001 0.177999 0.544000
12.562506 16.127581 -0.191090
2.238000 2.911000 0.639000
-30.782213 40.060146 0.163857
2.872000 3.906998 0.569000
22.702000 9.231600 -0.332800
0.424000 0.547000 0.302000
-9.984321 8.703411 -1.520478
3.759000 2.514000 1.437000
-13.903639 8.523487 -1.599220
3.919001 2.238000 1.342000
13.250400 15.218500 -1.452500
1.584000 1.943001 0.316000
10.885888 15.430721 -1.410889
1.960000 2.407000 0.461000
-3.971701 8.713255 -1.460933
3.703000 1.752000 1.398000
11.506083 15.387918 -1.538000
1.053000 1.266999 0.337000
-3.019000 9.809546 -0.879091
0.331000 1.155000 0.311000
-0.788864 17.100636 -1.626637
0.414000 3.068000 0.543000
-16.779194 8.059839 -2.009516
1.105999 0.894001 0.488000
-1.239714 18.321787 -1.780071
0.634000 4.835000 0.406000
