-1.759486 -4.016346 -1.790510
2.358000 2.708000 1.280000
-34.024818 6.898182 -2.165636
0.790001 0.373000 0.643000
23.087437 9.009438 -1.389500
0.938999 0.566000 0.500000
-31.174459 7.524333 -1.833769
1.358000 1.734000 0.929000
-6.697129 17.122549 -0.876451
2.000000 3.069001 0.382000
-40.878735 -13.370000 -1.922200
4.987000 0.448000 0.338000
-25.173193 8.307329 -1.738897
1.796000 1.687000 1.485000
17.024645 8.532088 -1.214769
3.906001 2.092999 1.048000
35.316418 7.401250 -1.520667
3.102001 0.623000 0.448000
-58.256298 29.367802 -1.690900
4.688000 2.108999 0.523000
-22.476276 14.656711 -1.432796
4.728001 1.888000 1.416000
8.175895 8.473948 -1.138963
3.939000 1.794000 1.640000
18.105808 8.350380 -0.578714
1.685001 0.477000 0.307000
24.552969 8.034422 -1.159157
3.622999 2.263000 1.071000
28.773130 8.017454 -1.147283
2.410999 1.056000 1.266000
32.453312 7.288125 -1.396125
2.894999 1.377000 1.154000
-64.783157 10.393847 0.741154
0.492996 0.577999 2.741000
-30.046078 12.681309 1.204846
0.779999 0.421000 0.377000
-24.360264 14.618262 0.791158
0.362000 0.397000 0.878000
-23.425497 21.049597 0.894929
3.619001 3.264002 0.846000
-8.487913 15.465601 0.084943
0.108000 0.172000 1.485000
69.879494 9.466945 1.388722
0.402000 0.626000 2.494000
28.165352 -10.245112 -0.025675
1.275999 1.170000 2.382000
25.646311 -10.996376 0.691312
1.097000 0.401000 0.877000
-35.586098 -14.938299 1.211700
0.197002 0.263000 0.723000
47.929417 6.446417 -1.010750
3.188999 0.462000 0.870000
2.172383 9.626680 -0.296605
0.778000 1.861000 0.433000
-50.736816 -20.570545 1.885909
1.590000 1.409000 0.612000
-4.827957 -9.443497 -0.227130
1.279000 1.312000 1.887000
0.276402 -9.009377 0.116951
0.195000 0.485000 0.755000
0.709068 -9.016360 -0.762767
0.765000 0.773999 2.052000
21.296764 -10.734733 -0.280000
1.032999 1.132999 2.274000
69.535606 -10.454249 0.633107
2.802002 2.203000 2.956000
-1.532357 17.018070 -0.036071
0.074000 1.116999 0.620000
-41.993820 10.711273 0.542909
0.593002 0.675000 0.730000
25.786907 -10.923682 -0.654500
0.503000 0.456000 1.181000
43.745899 12.688368 -0.224526
2.419998 1.082000 0.577000
0.619644 8.441091 -0.948024
4.124000 1.053000 1.950000
-9.625345 16.056656 -0.372301
2.263000 2.240999 0.812000
25.555649 9.113647 -0.357765
1.985001 0.559000 0.353000
-27.759563 7.464875 -2.059313
0.807999 0.398000 0.505000
-9.903637 15.489456 -1.534454
1.721000 2.590000 0.572000
-10.667071 15.491572 -1.554571
1.761001 2.401999 0.479000
0.761143 -11.213190 -1.257429
0.449000 4.343000 0.556000
