2.741573 -5.187268 -1.647209
4.979000 3.890000 0.307000
-2.462065 9.871262 -1.997783
0.636000 2.249001 0.349000
-12.134915 16.767252 -0.666333
3.017000 3.839000 0.313000
10.053777 18.784224 -0.790556
1.789001 2.799000 0.335000
14.483225 9.020638 -1.228253
4.546999 1.888000 1.307000
-52.224701 12.508950 -1.354700
4.452999 0.937000 0.430000
-50.043400 14.208699 -1.213700
4.630001 1.530000 0.435000
-1.585341 16.823273 -0.722091
0.885000 3.706001 0.761000
3.485000 57.431599 -1.364000
1.159000 0.402000 0.352000
35.641083 12.471840 -1.066040
3.920998 0.830999 0.502000
-52.233166 6.990675 -1.722256
3.658997 1.802000 1.678000
-48.767555 12.840000 -1.176944
0.856998 0.567000 0.884000
53.740734 13.083735 -1.141000
4.165001 2.147000 0.334000
60.904198 12.235400 -1.254800
4.621998 0.309000 0.363000
-51.567711 -10.967060 -1.309706
2.535000 0.587000 1.566000
-0.783412 16.659176 -0.275294
0.274000 3.835999 0.444000
53.376534 18.686058 -0.577294
0.553001 0.890999 1.033000
78.450958 2.912000 -0.507360
1.455002 2.603000 0.992000
8.589999 34.024334 -0.004600
0.546000 1.366997 0.612000
71.182991 20.270361 -0.296920
4.432999 1.966000 1.834000
7.600823 33.609150 0.537019
1.522000 1.288002 1.656000
10.525617 32.104527 0.338412
0.498000 0.428001 2.027000
11.326389 31.709665 1.211222
0.676001 0.559002 0.385000
22.630249 24.059504 1.221318
0.674000 3.592001 0.301000
42.613361 20.990499 1.557786
1.971001 1.051998 0.567000
35.783718 13.260024 0.495881
0.855000 0.863000 2.308000
59.161896 20.248499 2.124400
2.643002 0.798000 0.412000
41.477764 13.391047 0.779810
1.113998 0.701000 2.390000
45.667603 -1.848571 0.349257
1.060001 0.646000 3.005000
76.791000 -14.024353 1.440883
4.765999 0.675000 3.309000
-24.988789 -17.183630 1.142210
3.791000 2.183001 0.318000
-23.711786 -9.996580 0.987053
2.411001 1.168000 0.300000
-24.224064 -9.656383 -0.443476
1.277000 1.173000 2.796000
16.345083 9.961583 -0.712917
2.103001 1.373000 0.326000
-51.868504 -11.161908 1.086895
2.931000 2.355000 1.930000
-26.242752 -10.040083 1.027833
4.379000 1.669999 0.307000
-20.205599 -16.768072 0.954450
3.384001 1.830001 0.342000
39.182724 -14.853909 1.344000
3.006001 0.996000 0.535000
-1.262627 14.479948 -0.659154
1.872000 2.047000 2.662000
-1.493563 17.272146 0.607083
0.751000 3.638000 0.467000
-11.650022 15.456572 -0.070551
1.642000 2.008000 1.784000
-51.968555 13.116179 1.708327
2.365002 3.094999 1.307000
18.988956 22.697912 0.671652
3.076000 2.573000 0.600000
67.989189 13.527124 0.374625
0.248001 0.721000 2.554000
6.682479 38.469482 0.336280
1.149000 3.469002 0.474000
19.920650 -10.759633 -0.341228
0.872999 0.528999 1.379000
-17.794506 8.770789 -1.561076
4.340000 2.674000 1.704000
-27.205278 8.555873 -1.572474
4.483999 1.619000 1.417000
-43.618629 7.860171 -2.180486
2.943001 1.623000 1.198000
8.757249 35.026001 -1.671833
0.672999 2.094997 0.532000
-1.613809 15.232000 -0.779571
0.329000 1.816000 0.452000
-29.736320 8.038091 -2.059364
2.663000 1.027000 1.207000
-3.398355 14.914823 -1.030511
1.284000 2.242001 0.742000
-9.160349 16.390442 -1.237907
1.134000 2.084000 0.816000
-8.224631 8.716223 -1.351327
3.814000 2.534000 1.448000
-3.663049 8.563143 -1.396266
3.866000 2.296999 1.336000
8.981236 31.293705 -3.036353
1.000999 3.855001 1.325000
10.661953 45.060760 -4.361762
1.345000 3.950001 1.230000
6.433064 45.728802 -4.930387
1.530000 4.441002 1.830000
0.793462 17.512539 -1.909846
0.197000 3.048000 0.654000
7.742667 25.735950 -2.778095
0.536000 0.511000 0.526000
-0.390520 14.289359 -1.837200
0.294000 0.786000 0.302000
8.444250 37.757748 -4.646375
1.377000 4.980000 0.484000
