-0.018690 -5.160042 -1.630992
4.092000 2.231000 0.322000
-2.488198 18.339663 -0.595709
1.208000 3.358999 0.954000
42.040501 32.448902 -1.385600
2.526001 0.855000 0.951000
-3.324461 -9.312038 -0.732577
0.167000 0.329000 1.140000
-4.956623 19.335344 -0.590976
4.193000 3.539001 1.090000
51.762096 12.491800 -0.651900
2.727001 0.984000 0.401000
65.686996 12.238000 -0.523100
4.704002 0.819000 0.413000
-51.516857 -10.918073 -1.208750
4.636997 1.160000 2.264000
27.759947 18.553249 -0.617367
0.573999 1.146999 1.028000
47.761723 18.710455 -0.144000
0.326000 0.460999 0.884000
48.519360 16.201363 -0.034000
0.923000 0.558001 0.888000
52.541153 2.655943 0.009543
1.107998 1.711000 1.276000
16.636000 19.496334 0.930417
2.251000 2.657000 0.508000
16.054831 17.844114 0.757170
1.509000 1.018000 0.769000
18.706127 18.446323 0.824355
1.345001 0.771000 0.640000
42.075291 37.174858 1.665400
2.061996 3.250000 1.345000
15.982519 13.139733 0.344115
0.584000 0.397000 1.377000
29.969275 20.130362 1.136182
0.237000 0.209000 0.677000
28.132105 13.310499 0.387368
0.490999 0.698999 2.061000
32.785446 13.270792 0.062488
3.230000 0.688001 2.127000
-17.690151 -14.768308 0.878356
3.518999 1.682000 0.353000
-31.588263 -15.893684 1.078000
2.782999 1.775001 0.722000
26.615540 12.982009 -1.344874
2.695000 3.103000 0.671000
-49.672722 -13.584465 1.334964
3.688000 2.024000 1.233000
-17.197611 17.069933 -1.020707
2.254999 1.478001 0.646000
-10.779000 22.257439 0.339687
1.415000 2.863998 0.302000
-52.479702 -9.526465 1.357700
4.313000 1.355000 1.321000
-16.299667 -14.989333 0.834905
2.808999 2.435999 0.356000
20.219057 -2.023073 0.077809
0.520000 0.614000 2.089000
66.597893 -2.664149 1.150681
2.602005 2.192000 2.811000
-17.266499 30.471285 0.992500
0.992001 1.674999 0.841000
-58.171082 14.726916 1.966833
2.517998 0.705999 0.634000
12.321235 -10.815215 -0.266458
1.109000 0.492000 1.283000
28.273945 -11.133873 0.024769
1.251001 0.438000 1.501000
72.371696 13.254100 1.016800
0.623001 0.433001 2.140000
-46.359669 13.847333 -1.829500
2.276001 0.407001 0.378000
30.292233 20.129230 -1.559923
3.230001 3.220999 0.416000
16.317366 17.403637 -1.136364
1.085000 0.692001 0.341000
6.713863 17.046017 -1.325964
2.189000 1.743999 0.985000
-28.435318 8.706038 -2.104429
4.115002 2.517000 1.455000
-33.241085 8.507792 -2.284167
3.730001 0.640000 1.223000
17.083448 15.492002 -1.163050
4.533999 4.368999 0.330000
-34.264633 15.526453 -2.222545
1.986000 0.650000 0.762000
4.223711 16.127754 -1.375007
2.913000 4.492000 0.908000
-8.909774 8.797668 -1.527221
4.508000 2.345000 1.359000
5.122821 18.658966 -1.516429
1.779000 3.643000 0.443000
6.232533 15.451466 -1.505600
1.610000 3.329999 0.468000
-7.438933 -13.391232 -1.404884
4.848001 2.160000 0.346000
-2.230710 -13.137162 -1.286051
4.679000 4.022000 0.400000
-4.610938 -10.776376 -1.342125
1.201000 2.760000 0.335000
-8.001194 -8.899346 -1.511461
0.855000 0.786000 0.304000
