3.576412 -2.488588 -1.695952
2.520000 1.646000 1.089000
-2.029448 -3.992627 -1.800608
1.870000 3.194000 1.304000
-2.728833 -3.838250 -1.718083
2.069000 2.767000 1.247000
9.495401 16.283398 -1.258133
2.339000 3.687000 0.636000
-31.028446 7.910980 -1.998245
1.353001 1.996000 1.018000
4.015666 8.439867 -0.675133
0.457000 0.240001 0.313000
2.466836 8.477283 -1.326939
3.810000 2.293000 1.637000
-37.723137 7.149084 -1.913306
1.188000 1.271000 1.448000
12.095715 9.488238 -0.658524
0.681001 0.479000 0.302000
11.242138 8.522328 -1.124104
4.199000 1.690001 1.332000
35.954693 8.094392 -1.349522
1.353001 0.911000 0.661000
27.046999 15.365317 -0.740364
2.924000 2.513999 0.399000
14.704062 15.403061 -0.706625
0.110000 0.118999 0.767000
17.754164 8.431271 -1.105366
3.819000 1.783000 1.360000
22.909967 8.158899 -1.059212
4.925999 1.714000 1.263000
26.585449 7.970451 -1.198901
3.519999 1.490000 1.228000
7.519714 15.428859 0.316000
0.193000 0.155000 0.398000
-36.505184 13.417293 1.325000
3.195000 3.286000 0.497000
-30.643883 14.220460 0.928577
0.418999 0.548000 1.047000
-21.707571 14.853858 0.665143
0.193001 0.227000 0.808000
-25.485062 18.792250 0.697312
0.182001 0.263000 1.126000
14.654870 15.349915 0.423217
0.171000 0.163000 1.019000
63.701599 10.329601 1.257134
0.383003 0.506000 2.285000
73.882950 9.330833 0.791389
1.318993 0.962999 3.111000
47.938847 -16.760151 1.563154
3.761002 0.667000 0.612000
-11.070896 -9.652942 -0.276695
3.965000 1.441999 2.450000
-32.876888 -19.360224 1.300222
3.804001 2.772001 0.536000
-30.943249 -17.426188 1.164250
1.010000 0.605000 0.419000
-18.494999 16.338163 -0.592568
2.975000 3.122001 0.460000
-4.282881 16.119658 -0.483197
1.965000 3.499999 0.985000
-70.611153 9.537526 -0.757947
2.778000 0.936000 3.933000
-48.939648 -19.962645 1.711965
2.099998 2.518000 0.651000
-0.199650 15.509104 -1.439275
0.296000 1.964001 0.948000
-6.386772 -9.338773 0.468000
1.073000 1.691000 0.305000
-5.409030 -9.142538 -0.475454
1.344000 0.570001 2.098000
15.370703 -10.451604 -0.416791
1.279000 1.146000 2.168000
19.837051 -10.686881 -0.116119
0.910999 0.454000 2.190000
22.200720 -9.856301 -0.056239
1.549000 1.334000 2.318000
-48.177696 10.050077 0.484846
0.498997 0.894000 0.577000
-75.416313 -19.494125 -0.807875
4.840996 0.964001 2.802000
-2.880968 16.244244 -0.436378
2.234000 2.834001 0.738000
19.473829 9.431097 -0.276220
2.005001 0.556999 0.653000
-15.619134 15.764253 -0.415796
3.360000 2.569999 0.841000
61.107235 6.539769 -0.918846
0.374001 1.471000 0.432000
7.466546 15.607819 -0.316227
1.053000 2.110001 0.328000
-17.649916 15.188499 -1.498833
2.573999 2.116000 0.326000
-1.161800 17.399599 -1.588300
0.481000 4.315000 0.541000
-3.969800 15.978900 -1.592800
0.769000 2.475000 0.476000
5.190417 9.848001 -1.833167
1.309000 1.922000 0.385000
-4.184916 9.557130 -1.868590
0.788000 1.681000 0.485000
-5.437000 9.655600 -1.882800
1.280000 2.055000 0.476000
3.921500 9.758299 -1.912000
0.465000 1.648000 0.302000
