-2.770928 -4.246671 -1.779140
2.535000 3.276000 1.256000
-44.849918 8.558001 -1.971231
0.882999 0.905000 0.825000
-34.714611 9.183167 -1.950791
2.618999 1.602000 1.461000
14.505347 17.101025 -0.980522
2.568000 1.646000 0.440000
15.207692 16.283922 -0.950692
0.590000 0.121000 0.404000
13.719467 -10.954668 -0.844300
2.210000 1.417999 0.619000
-7.820968 17.630547 -0.683516
1.465000 2.099001 0.332000
-69.308365 7.371786 -2.285143
1.192001 1.396000 1.305000
-59.037613 13.373770 -1.540308
4.644001 0.723000 0.487000
-41.927364 -9.661533 -1.013117
0.922001 1.201000 2.364000
23.996910 13.028545 -0.055091
0.452000 0.122000 0.672000
55.870800 18.438200 -0.087900
0.330002 0.400000 1.013000
60.721889 2.386594 -0.217297
1.646999 2.707000 1.057000
-7.237672 33.000469 0.891600
2.088000 3.275002 1.656000
-5.916953 31.565952 1.132476
0.770000 0.803999 0.366000
-1.597252 12.907137 -0.061609
0.847000 4.423000 1.430000
1.143308 23.785461 0.948308
0.537000 2.947001 0.335000
2.045295 23.383318 0.730918
1.347000 1.010000 0.727000
24.785725 19.538445 1.177444
3.060001 2.983999 0.324000
34.919395 22.039402 1.527300
1.852997 1.997000 0.324000
23.943144 13.095428 0.944786
0.309000 0.265000 0.511000
23.801214 12.188857 0.968071
0.173000 0.410000 0.302000
71.226166 34.968895 2.380632
1.477005 1.120003 1.487000
4.511072 -9.297214 0.401786
0.173000 0.339000 0.319000
-23.775000 -15.968368 1.028684
2.739000 2.412001 0.409000
-49.693401 -17.248999 1.775300
4.342999 2.079000 0.723000
-40.736523 -9.721973 1.075838
2.672001 1.550000 1.318000
-38.397099 -11.252634 1.340367
1.855000 1.644000 0.805000
28.151779 -2.161067 0.327622
0.507000 0.538000 2.383000
40.423115 13.119731 0.464654
2.695000 1.081000 2.353000
-58.323524 14.662209 1.781737
1.730000 0.907001 1.460000
30.828812 -11.128444 -0.081074
1.925999 0.432000 1.392000
1.420192 25.033691 0.495000
0.852000 0.796999 0.308000
4.501743 -9.258188 -0.693014
0.280000 0.526999 1.480000
13.659057 -10.917542 -0.182180
0.974999 0.352000 0.857000
54.296803 37.458202 0.158667
1.619999 0.700001 1.198000
-25.132032 8.730253 -1.734952
3.389999 1.208000 1.386000
13.921003 12.076207 -1.376192
4.233000 2.565001 0.773000
10.762454 16.035364 -0.937091
2.738000 3.534000 0.356000
-20.495079 8.883434 -1.763240
3.733999 1.977000 1.345000
22.193508 11.901295 -1.477463
3.031000 0.791000 0.519000
-26.405424 15.653848 -2.018808
1.956999 1.237000 0.791000
-1.712664 8.664396 -1.340452
4.695000 1.742000 1.444000
8.725768 19.035616 -1.341769
2.355000 4.257999 0.349000
-19.129454 16.727907 -1.724455
3.040001 2.595000 0.680000
6.058670 -11.258873 -1.265798
2.311000 2.657000 0.318000
0.022400 -13.255301 -1.365455
3.037000 3.722000 0.409000
-16.111029 16.209162 -2.336135
0.889001 4.010000 0.362000
4.914276 -10.828379 -1.322448
1.460000 2.825000 0.344000
-7.731449 14.431099 -2.009000
1.956000 2.088000 0.345000
