-2.840878 -4.335361 -1.772548
2.505000 3.394000 1.309000
-40.365311 14.217124 -1.408062
2.504002 0.594000 0.541000
-72.091087 7.478334 -2.163083
1.933998 1.607000 1.305000
13.337376 -10.983875 -0.515562
0.814000 0.366000 0.322000
33.664787 18.377565 -0.530544
0.694000 1.090000 0.927000
57.875561 2.286433 -0.367838
2.708000 2.171000 1.393000
-8.730784 17.140745 0.671470
1.009001 1.910999 0.478000
-11.503466 30.468067 1.121133
0.368000 0.326000 0.363000
-11.701237 33.266552 0.357111
2.154000 4.023001 2.068000
-10.262279 32.886669 0.790778
0.578000 1.187000 0.856000
-3.676125 12.963172 -0.156982
1.602000 4.078000 1.736000
-0.710476 24.610500 0.609238
0.745000 2.349001 0.784000
0.084018 23.418322 0.627768
1.584000 1.432999 0.855000
21.198000 19.203234 0.471808
4.170000 3.181000 1.380000
24.513317 18.299999 0.978240
1.191000 0.953001 0.741000
32.630398 21.782600 1.435700
1.969999 1.843000 0.313000
21.880648 12.996134 0.288622
0.480001 0.278000 2.011000
2.324548 -9.198006 -0.772370
0.607000 1.143000 1.997000
-14.040715 -14.506189 0.776714
1.979000 1.745000 0.306000
12.144059 17.177794 -0.992941
1.952000 1.671999 0.476000
-45.084221 -9.407333 1.672611
4.853001 1.591000 0.444000
30.013363 -11.264576 -0.275727
1.589001 0.904000 1.356000
-42.609440 -9.890527 1.079152
3.485001 1.424000 1.352000
-40.377087 -11.211436 1.328609
1.466999 1.309000 0.826000
26.002596 -2.176000 0.395560
0.535000 0.585000 1.900000
51.763748 13.144334 1.929417
4.778000 1.252999 0.359000
48.146328 13.027033 0.475933
1.357002 0.794000 2.739000
38.241917 13.013200 0.413320
2.858002 0.995000 2.429000
34.087666 13.248777 1.066519
0.308998 1.049000 0.882000
-60.323006 14.640650 1.837800
1.712997 1.391999 1.485000
-27.236485 8.908000 -1.564667
3.762999 1.500000 1.047000
-37.064846 9.199013 -2.137738
2.301003 1.672000 1.280000
-10.849790 19.332422 -1.137737
2.474000 3.889999 0.375000
-22.573412 8.910589 -1.788741
3.746000 2.216000 1.231000
20.346897 11.866948 -1.554795
2.621000 0.785001 0.573000
9.819178 16.033749 -1.042732
3.797000 3.704000 0.337000
-20.080559 15.842976 -1.767286
1.660002 1.653999 1.102000
13.628785 15.838214 -1.250500
3.115999 3.454000 0.383000
-40.684101 8.121699 -2.567100
1.560997 0.622000 0.387000
-25.432106 -13.933843 -1.793263
4.535000 2.224000 0.320000
18.962000 11.907067 -1.501933
0.940001 0.418000 0.335000
-3.534604 8.658538 -1.335167
4.494000 1.884000 1.357000
11.102546 14.940638 -1.452182
3.732000 4.807000 0.617000
3.639690 -11.215240 -1.305910
2.156000 3.084000 0.443000
-6.738140 11.456192 -1.279614
3.649000 4.558001 0.635000
3.690870 -12.535693 -1.255000
1.774000 3.919999 0.394000
-8.050611 -11.350483 -1.529742
2.243999 2.757000 0.366000
2.506562 -10.886106 -1.331369
1.068000 3.114000 0.411000
-4.866029 -11.304355 -1.468029
1.723000 2.320000 0.306000
