3.419497 -2.574390 -1.672048
2.396000 1.674000 1.050000
-2.334567 -3.921307 -1.774588
2.142000 2.971000 1.324000
-14.009290 8.753563 -1.618695
3.859000 2.233000 1.469000
-24.631180 7.973298 -1.765611
1.862999 0.943000 1.283000
-19.921429 8.611336 -1.635426
1.568998 1.626000 1.359000
-16.217501 23.093626 -0.553813
3.911001 4.712000 0.337000
28.177595 7.918164 -1.103289
3.282001 1.773000 1.190000
36.621998 -11.922833 -0.860833
0.940002 0.703000 0.409000
1.139681 16.240343 -0.340085
0.644000 2.527000 0.405000
11.492701 16.592438 -0.989833
2.082999 2.633999 1.545000
-30.287815 11.832438 0.647562
0.410999 0.601000 0.646000
-43.292305 32.135544 1.675769
4.182999 2.877003 0.734000
-18.508316 15.277529 0.616895
0.379999 0.455000 0.748000
-30.986952 27.926573 0.776200
1.490999 1.792002 2.016000
-41.382084 41.084251 1.911083
1.408001 0.848000 0.655000
-41.040775 43.207161 1.825056
1.639000 2.256001 0.674000
-12.725166 15.218834 0.663083
0.201000 0.165000 0.471000
-12.076502 21.184248 0.778550
1.747001 2.741001 0.437000
-11.880792 23.692163 0.875458
2.194000 4.643999 0.601000
-7.461599 19.513659 0.117143
0.294000 0.375000 1.380000
11.525531 -9.202442 -0.455652
1.401000 0.853000 2.089000
5.912335 -9.532174 -0.233389
1.535000 1.412001 1.905000
3.164000 -9.575951 0.425762
0.117000 0.295000 0.316000
-12.777461 15.439460 -1.277846
0.573999 0.389999 0.525000
19.126406 8.272482 -1.181731
4.069000 2.338000 1.518000
32.114517 -11.605501 0.221236
1.672998 1.208000 2.463000
36.493469 -11.989176 0.789235
0.789001 0.467000 1.358000
39.659195 -11.121199 1.321600
0.661003 0.668000 0.455000
20.301249 18.010916 0.810917
3.150999 3.146999 0.738000
-3.901692 15.489308 0.556077
0.153000 0.087999 0.382000
39.020947 -11.265686 0.122593
0.936001 1.067000 1.684000
64.126411 10.742399 0.531350
1.265003 1.417001 0.766000
11.284126 8.541245 -0.853217
4.403999 2.089001 2.090000
1.893600 15.972540 -0.294304
1.285000 2.263000 0.722000
-3.906106 15.495685 -0.071421
0.197000 0.146000 0.489000
-48.626762 15.059272 -0.509863
0.391003 2.087001 2.497000
19.061666 21.940666 -0.016733
2.576000 3.239000 0.379000
-11.492809 22.917665 -0.330286
2.244000 4.712999 0.658000
16.462103 15.957534 -0.242900
3.837999 2.517000 0.300000
-9.840417 22.546247 -0.379833
0.927999 1.785000 0.454000
-42.633999 41.124912 -0.458818
1.359001 2.009003 0.383000
-22.266319 7.897046 -1.768955
1.490999 0.186000 0.734000
-27.759727 7.474364 -2.129000
0.493000 0.300000 0.383000
1.907200 15.449350 -1.281000
0.627000 2.390999 0.514000
0.594455 15.773637 -1.504000
0.233000 3.096999 0.511000
2.229364 15.789725 -1.636000
0.749000 3.783000 0.332000
-0.228833 16.403887 -1.769000
0.427000 3.922000 0.377000
