-28.029833 -1.549500 -10.285916
1.087999 0.249000 0.859000
0.565826 9.753739 -1.953565
0.559000 1.740000 0.359000
-5.011758 10.128697 -2.042637
1.151000 1.424999 0.341000
-31.988649 8.128354 -1.864717
4.210999 2.360000 1.395000
1.081059 15.689353 -0.742176
0.130000 0.632000 0.476000
11.514316 35.186943 -1.645579
1.174000 3.791000 0.847000
12.166572 34.631924 -1.222357
1.607000 2.761002 0.560000
-49.277145 7.113894 -1.673894
4.035000 1.946000 1.215000
-15.210584 16.776335 -0.639833
1.967000 2.124001 0.382000
1.579247 16.604208 -0.682035
1.029000 3.856001 0.778000
16.956625 9.169173 -1.226577
4.478000 1.905000 1.395000
42.981003 12.434167 -1.164417
2.096001 0.868000 0.545000
-62.966095 11.472900 -1.397600
2.858002 0.827000 0.329000
-45.876926 12.876770 -1.071308
0.678001 0.733000 0.533000
0.203480 20.885479 -0.330280
0.368000 4.462999 0.696000
56.262604 18.675501 -0.452500
0.425003 0.718000 1.155000
38.603386 13.280090 -0.518206
3.483002 1.677000 1.222000
40.534573 -10.412356 -0.077571
1.357002 0.377000 1.017000
-55.065750 16.170874 -0.042958
2.767998 1.520001 1.820000
11.780766 35.552883 1.269000
1.299001 3.719002 0.498000
13.197358 33.506428 1.150071
1.178000 2.150002 0.683000
13.294860 32.042557 0.213389
1.068000 1.553999 2.088000
11.257546 20.663002 0.879454
1.095000 2.046000 0.315000
25.304186 24.147102 1.283061
4.789999 4.700998 0.356000
38.702091 13.242270 1.370273
0.710003 0.307000 0.777000
44.315495 13.269137 0.879864
0.876999 1.640000 2.217000
70.117561 18.539938 2.517062
4.419998 1.957998 0.596000
58.942841 13.431053 1.717895
4.304001 2.342999 1.899000
48.582752 -1.781500 0.953600
0.500000 0.641000 1.718000
-21.381081 -9.684225 -0.378510
1.999001 1.306001 2.722000
-23.736086 -10.221521 0.965565
4.595001 1.831000 0.320000
-48.853073 -11.140083 0.989577
3.341000 2.108000 2.164000
-2.163619 16.116617 0.364429
0.053000 1.167001 0.797000
-8.950909 15.516317 -0.070932
1.162999 1.613000 1.743000
-49.109066 13.630766 1.510333
2.176998 1.533000 1.216000
-49.370445 12.000833 1.613889
1.192001 0.978001 0.565000
44.696770 19.539692 1.431077
2.902000 1.700001 0.624000
21.126810 -10.731144 -0.174619
1.073002 0.404000 1.302000
9.453294 39.162941 0.347647
0.894000 3.218002 0.481000
-14.997848 8.670058 -1.460398
4.436000 2.315000 1.643000
-16.341188 9.564688 -0.874375
0.530001 0.351000 0.334000
-40.350479 7.839001 -1.906044
1.027000 1.764000 0.768000
11.342381 24.414822 -1.547147
1.247001 3.520000 0.862000
13.048272 37.560635 -2.063818
1.516001 4.424000 1.005000
0.902800 14.913626 -1.001150
0.532000 1.261000 0.538000
14.806205 12.263084 -1.551427
1.754000 0.743000 0.554000
-5.642752 8.561688 -1.343548
3.844999 2.261000 1.446000
1.364476 14.838523 -1.172048
0.218000 1.276000 0.458000
-1.007544 8.524952 -1.361367
3.975000 0.929000 1.331000
3.601500 17.951857 -1.823000
0.092000 0.348999 0.690000
-25.304399 8.826500 -2.262300
3.613998 1.228000 0.351000
11.347527 26.076580 -2.797737
1.023000 3.115002 0.505000
10.540910 25.755182 -2.748318
0.662001 0.575001 0.381000
11.269201 28.745502 -3.256400
1.477000 4.525000 0.589000
