-2.390964 -3.798072 -1.738786
1.546000 2.457000 1.099000
-34.276546 7.647545 -1.811940
1.234001 1.527000 1.015000
-10.569033 9.311968 -0.769419
2.211000 1.555000 0.587000
-9.278849 8.616787 -1.295255
4.110000 2.798000 1.634000
-16.987713 -10.025928 -0.973857
2.406001 1.431000 0.507000
-25.628647 8.190676 -1.544794
3.959000 1.606000 1.306000
-43.459469 7.202014 -1.520532
3.960999 1.981999 1.712000
-40.005440 12.906222 -0.940556
1.085999 0.522000 0.485000
-9.246466 17.646399 -0.495133
1.790001 3.178001 0.457000
3.425412 18.167589 -0.384059
0.427000 3.675001 0.346000
-5.686067 20.461130 -0.278800
1.152000 3.594999 0.444000
-5.038550 20.152800 -0.278550
1.161000 4.118000 0.471000
18.856421 31.301105 -0.490737
1.688000 2.986998 0.682000
6.974916 20.649542 -0.235333
1.583000 4.410000 0.610000
-22.173706 -10.756785 -0.762733
0.849001 0.906000 1.621000
-3.138508 15.586114 -0.253271
0.611000 1.849000 1.931000
19.294413 32.128876 1.088353
0.513000 0.289000 0.893000
49.917740 17.940434 1.729609
1.467003 1.626001 1.011000
44.530399 13.214533 1.047333
0.344002 0.316000 1.434000
63.110764 12.331077 2.203462
1.037003 1.183001 0.719000
54.549953 -1.855000 0.753842
0.454998 0.433000 2.993000
-15.481485 -9.563648 -0.425860
1.597000 1.339000 2.455000
-18.564642 -10.756715 0.778286
0.844000 0.344000 0.426000
-22.452690 -11.001483 0.837483
1.459000 0.800000 0.505000
-23.149767 -10.392055 0.765569
2.461000 1.662000 0.821000
-43.070915 -11.068607 0.721979
2.707001 1.927000 2.953000
-59.228622 -19.593124 1.906625
1.278999 1.302000 1.166000
-52.292358 -19.412271 1.502136
2.630001 1.985001 1.089000
48.249088 -14.914819 1.568182
0.296997 0.579000 0.562000
-24.193941 17.288332 1.092000
4.535999 2.575001 0.350000
-43.423683 13.868411 1.304955
1.312000 0.986000 1.090000
-43.507713 12.471572 1.657000
1.873001 1.234000 0.331000
-54.314606 11.495945 1.916611
3.215000 1.433001 0.698000
50.049000 13.032499 0.483750
4.299000 1.097000 2.281000
76.719917 13.468365 0.899818
0.275002 0.835000 2.392000
-49.108898 16.334667 0.288267
2.855999 1.575000 1.547000
23.727638 -10.806575 -0.266576
0.761000 0.440000 1.249000
43.615314 -10.501126 -0.061875
0.671001 0.458000 1.404000
-48.807945 -11.375825 0.161353
4.723999 1.022000 0.577000
-14.148517 8.465323 -1.443377
4.567000 1.373000 1.385000
4.360768 8.595475 -1.304663
3.991000 2.249001 1.280000
5.443353 13.532176 -1.022588
1.953000 4.770000 0.362000
-2.418222 15.697556 -1.202500
0.853000 3.872000 0.630000
-5.569656 16.439749 -1.369094
1.719000 4.185000 0.785000
-0.419927 8.466191 -1.346566
3.890000 0.673000 1.319000
-5.751704 14.292397 -1.602926
0.621000 1.690000 0.859000
-12.738440 16.338718 -1.687960
3.147000 3.900000 0.642000
4.818364 16.619907 -1.527364
0.882000 2.504000 0.470000
-20.372501 9.522901 -2.147000
2.755999 1.425000 0.300000
-3.634923 16.180307 -1.779154
1.156000 3.919001 0.391000
