-3.099818 -3.537909 -1.711818
2.409000 2.758000 1.290000
-2.893830 -4.334202 -1.765618
2.805000 3.766000 1.260000
1.141933 10.063001 -1.806667
0.584000 2.239000 0.419000
39.178749 19.056601 -1.419350
4.330002 2.466999 0.438000
5.077799 -9.113841 -0.990867
0.907000 0.804000 1.136000
-69.038719 7.500928 -2.089714
1.959999 1.452000 1.249000
43.648418 -9.407084 -0.704750
3.030003 1.014999 0.330000
-41.254742 -9.656232 -1.172276
2.347000 1.334000 2.434000
61.427158 2.523394 -0.200758
1.502003 2.260000 1.070000
30.972498 -11.087376 -0.228083
1.058001 0.448000 0.977000
13.977990 -10.931715 -0.501411
1.127000 0.690000 1.589000
-0.873161 12.877327 -0.047027
0.672000 4.185000 1.359000
1.279769 22.279846 0.853769
0.407000 3.931000 0.362000
2.025400 24.393715 0.628578
1.121000 3.882000 0.758000
2.794193 23.386545 0.727000
1.310000 0.958000 0.728000
7.243395 23.783970 0.616303
0.477000 2.886002 0.913000
25.536474 20.985001 1.204632
2.997999 2.830002 0.474000
24.236818 19.315727 0.849909
1.021000 0.571999 0.729000
25.001940 19.017944 1.128294
3.041000 2.611000 0.453000
24.708059 13.087765 0.929118
0.382000 0.264000 0.671000
24.505547 12.138546 0.988182
0.122999 0.334000 0.306000
35.945950 13.042109 -0.529781
2.608002 2.037000 3.027000
40.838749 12.998500 1.015250
1.887001 0.599999 1.265000
-33.877232 9.062920 -1.962506
3.208000 2.171000 1.709000
-37.545666 14.140667 -1.277750
2.271999 0.448999 0.340000
-43.577797 -9.219267 1.523333
3.781002 1.013000 0.499000
-39.834244 -9.785645 1.081131
2.540997 1.852000 1.292000
-37.516430 -11.186679 1.271143
1.389000 1.486000 0.768000
-40.751060 -13.074530 1.477059
4.078999 1.912999 0.583000
5.287499 -9.333000 0.430417
0.134000 0.277000 0.330000
75.003540 -12.552922 2.594846
3.376999 1.794000 0.544000
28.848318 -2.167342 0.397026
0.539999 0.499000 1.912000
54.855103 13.190700 1.972700
1.344002 1.321000 0.355000
51.121906 13.108333 1.071857
0.376003 0.708000 1.869000
-57.550320 14.555311 1.886813
1.339001 1.073000 0.653000
8.666572 35.656139 0.913048
1.861000 4.719997 0.506000
-36.799202 14.991701 -1.584700
0.400002 0.502000 0.462000
-7.032818 18.460182 -0.822727
1.948000 4.392000 0.385000
-24.498013 8.735716 -1.681038
2.662001 1.505000 1.395000
-17.159462 15.401445 -1.673877
1.027000 1.473001 1.076000
-19.761393 8.906111 -1.750386
3.740999 2.232000 1.354000
-39.463333 8.419733 -2.219933
3.438999 0.632999 0.875000
8.348666 17.439278 -1.293333
1.587000 2.799000 0.527000
-1.025352 8.675596 -1.320990
4.700000 1.277000 1.442000
-37.055073 8.104856 -2.462786
1.019001 0.898000 0.460000
8.460999 19.389002 -1.357500
2.746000 4.421000 0.368000
-36.831596 9.636199 -2.604400
3.997002 1.658999 0.308000
0.810118 11.157883 -0.996824
0.466000 3.547000 0.311000
7.988522 -8.607059 -1.380791
0.912000 1.437000 0.327000
4.847636 -7.793592 -1.552742
3.193000 2.049000 0.343000
