-2.501826 -3.786565 -1.814543
2.160000 3.254000 1.321000
6.244382 8.798430 -1.165046
4.599000 2.140000 1.412000
-52.082729 7.651546 -2.218546
0.581001 1.111000 0.635000
-31.386061 8.393062 -1.853592
2.729000 1.710000 1.392000
-26.142473 9.095612 -1.676584
2.785002 1.851999 1.598000
1.026105 19.461630 -0.801790
0.773000 4.062000 0.458000
-42.787003 8.151577 -2.105731
4.600998 0.876000 1.332000
-35.524975 8.464640 -1.895472
3.757000 1.586000 1.452000
-11.960728 17.071547 -0.678273
2.974999 3.667000 0.430000
17.547632 16.276613 -0.871439
4.719001 3.022999 0.456000
-60.952190 7.251100 -1.996000
3.543999 1.642000 1.450000
-15.794167 16.697168 -0.521417
1.954000 1.969000 0.360000
16.442118 -10.772825 -0.467493
1.095001 0.380000 1.212000
-33.122318 -9.734228 -0.994024
1.363998 1.203000 2.095000
69.243271 2.673581 -0.349032
1.086998 3.276000 1.199000
34.621655 -10.734653 -0.256304
1.596001 0.393001 1.084000
-0.424053 18.566483 0.384142
1.508000 3.426001 0.906000
33.404472 20.933500 1.389533
2.826002 3.111000 0.451000
34.923229 18.321230 1.204769
3.372002 1.579000 0.751000
46.200687 20.014626 1.416000
3.798000 2.226002 1.614000
32.684166 13.156111 0.614389
0.488998 0.286000 1.470000
49.055832 13.231556 0.737889
1.493999 1.016000 2.438000
63.071186 13.269562 1.925875
1.978001 1.503000 2.721000
36.928368 -1.966909 0.776773
0.550999 0.538000 1.302000
-33.110504 -13.689773 1.189273
4.987999 2.755000 0.694000
-36.289192 -9.521953 1.168762
4.239998 1.001000 0.708000
-31.844126 -9.790721 0.910528
2.905001 1.495999 1.026000
53.182156 -8.068000 0.531692
1.823002 0.249001 2.952000
-49.675301 14.438802 1.745900
0.709000 0.667000 0.591000
-60.714092 13.228251 1.716447
2.464001 3.675000 1.950000
44.403885 13.318221 -0.176200
3.167999 1.520000 2.736000
-52.026672 -18.742830 0.509000
0.991997 1.127001 0.386000
61.971748 20.072815 0.008844
4.546001 1.874001 2.035000
-16.484705 8.786572 -1.576764
2.123000 2.112999 1.352000
-28.899715 7.872750 -2.239821
0.816999 1.702000 1.119000
-34.512100 -10.387400 -1.930900
2.162998 1.097000 0.328000
-11.915404 8.705493 -1.416062
4.013000 2.119000 1.384000
15.435888 -11.532065 -1.216226
3.527000 2.619000 0.361000
-19.252369 8.363684 -1.919316
1.278999 0.214999 0.883000
-2.578433 -11.268635 -1.530200
0.847000 2.349000 0.322000
