-2.453180 -4.000979 -1.772580
2.203000 3.251000 1.292000
-37.841194 11.581437 -2.433844
2.794003 2.319000 0.327000
-6.784750 15.794400 -1.153050
1.199000 2.646000 0.738000
6.675483 16.014969 -1.170161
2.116000 3.973000 0.806000
7.714500 16.579214 -1.048357
2.060000 4.066000 0.509000
-39.941090 6.983031 -2.146312
4.115997 1.336000 1.045000
-33.596134 7.698864 -1.917318
1.070999 1.537000 1.257000
0.284593 8.361666 -1.318582
3.996000 1.695000 1.706000
8.956780 8.472334 -1.137915
4.158000 2.054000 1.321000
33.800953 7.974762 -1.269022
1.858997 2.087000 0.677000
-7.416282 9.531391 -0.439704
1.723000 1.588000 0.359000
-5.232983 16.348864 -0.515610
2.225000 2.540999 0.334000
-2.749680 16.004759 -0.600300
0.507000 2.353000 0.604000
17.466755 8.147055 -1.271459
0.810001 0.464000 1.245000
-6.951636 16.419731 -0.476778
2.102000 2.733001 0.558000
20.648888 8.196896 -1.124683
4.886999 2.247000 1.306000
-6.004642 15.411572 -0.365786
0.131000 0.155999 0.484000
-33.206181 14.060365 1.236545
0.403999 0.345000 0.407000
-16.441814 14.628037 0.553963
1.855999 1.376000 0.811000
-11.402667 19.597666 0.791200
2.394000 4.410000 0.535000
12.206906 15.441786 -0.119476
0.213000 0.202001 1.894000
61.192673 10.553475 0.998286
1.893002 1.039000 2.955000
70.866730 9.648866 0.951200
2.255997 0.884000 2.996000
67.536522 -9.899591 0.929878
2.338997 2.150000 3.307000
19.832235 -9.798321 -0.048766
1.390999 1.257000 2.145000
17.483984 -10.567155 -0.280900
1.306000 0.942000 2.168000
-13.379983 -9.756516 -0.208394
4.921000 1.559999 2.503000
-35.898144 -19.849287 1.355571
3.650002 2.760000 0.465000
-33.170380 -17.641569 0.999714
3.426001 2.169001 0.765000
17.335999 9.412761 -0.352524
2.483000 1.502999 0.343000
-8.550231 -9.632615 0.490538
1.157000 1.325999 0.342000
-7.751305 -9.181555 -0.579918
1.174000 0.606999 2.243000
13.052711 -10.380465 -0.353711
1.151000 1.195000 2.071000
5.085444 15.439946 0.073056
0.200000 0.179000 0.479000
41.974167 -12.823916 0.097250
0.494999 0.276999 1.065000
15.220788 8.592042 -0.919783
3.752999 2.027000 1.768000
-10.981299 18.952499 -0.065800
1.905001 3.493999 0.339000
-17.942463 15.495750 -0.483562
3.517000 2.319000 0.941000
58.690613 6.993078 -0.749615
0.256001 1.522000 0.416000
-3.606643 16.104715 -1.771500
1.279000 4.592000 0.462000
-9.602750 9.543813 -2.002687
0.797000 0.738000 0.301000
-8.799500 10.038556 -2.035722
2.373000 2.284000 0.436000
2.338478 9.769347 -1.898609
0.882000 1.974000 0.333000
