-2.671102 -4.279729 -1.767414
2.318000 3.297000 1.252000
-48.363247 8.384334 -2.334583
2.757999 0.813000 1.187000
11.350997 16.985497 -1.114465
2.726999 4.068999 0.946000
34.691505 18.470098 -1.529133
3.455002 4.767000 0.311000
-38.518425 9.218270 -2.234910
2.625999 1.731000 1.802000
-72.911552 7.327182 -2.399818
1.119003 1.253000 1.369000
-10.453499 17.743301 -0.434300
0.705001 1.584000 0.306000
1.003812 -9.235931 -0.843248
0.271000 0.960000 1.277000
-3.344704 19.622704 -0.389074
0.942000 3.430000 0.337000
37.380844 13.305422 -0.682790
3.162003 1.658999 0.491000
40.575638 -9.369182 -0.641818
1.806999 0.757000 0.304000
-45.270390 -9.650373 -1.210745
2.048000 1.391999 2.235000
32.262283 18.407040 -0.535404
0.780998 1.080999 0.900000
-47.178902 -10.677701 -0.200500
2.815002 0.932000 0.608000
57.152237 2.286811 -0.127865
1.910999 2.024000 1.000000
20.464144 13.026381 0.032571
0.545000 0.215000 0.712000
-12.883363 35.235275 1.035182
1.874000 4.837002 0.977000
-3.117622 21.908051 0.834892
0.882000 2.144001 0.305000
-2.707708 24.579165 0.865833
0.831000 4.678999 0.519000
-2.259692 24.170462 0.909231
0.439000 1.935001 0.323000
-1.521200 23.337244 0.648472
1.295000 1.120001 0.842000
19.919271 19.283693 0.533346
3.630001 3.046000 1.365000
23.195171 18.344997 0.961207
1.355001 0.875000 0.707000
20.453476 13.091287 0.857286
0.513000 0.280001 0.458000
-15.747070 -14.816144 0.826714
1.829000 1.617000 0.307000
-27.410477 -15.972191 1.096619
2.821001 2.066999 0.425000
-40.879715 -18.083525 1.211095
0.638000 0.827000 1.064000
-48.570396 -9.229001 1.436333
0.916000 0.917999 0.932000
-45.509548 -13.438726 1.218500
3.825001 1.875999 1.166000
0.978214 -9.287714 0.366643
0.066000 0.150001 0.334000
24.650166 -2.131473 0.296436
0.497000 0.556000 1.949000
64.325706 -3.301241 0.890189
1.679005 2.190000 3.112000
75.129234 12.979462 2.100538
3.651001 1.015000 2.691000
36.834934 13.058429 0.745643
0.321999 0.329000 1.382000
-13.801818 31.757092 1.172818
1.529000 2.762001 0.374000
-61.795998 14.627501 1.616700
1.533997 1.061001 1.516000
-62.116310 13.447230 2.179077
3.785999 1.213000 0.761000
47.226589 33.385292 1.344584
1.591999 0.997002 1.027000
-6.163059 22.349293 0.528235
1.234000 2.945000 0.487000
-2.115000 24.821669 0.372367
1.023000 1.959000 0.422000
12.899808 -10.894867 -0.214179
1.121000 0.286000 1.224000
-11.922157 33.817863 0.180132
2.052000 3.757999 0.876000
-28.730703 8.787976 -1.781049
3.496000 1.583000 1.254000
-42.532730 7.996410 -2.546273
3.055000 1.720000 0.795000
9.630378 16.021450 -1.069453
3.334000 4.127999 0.489000
7.923449 16.241800 -1.078125
2.262000 2.854000 0.333000
-23.795927 8.849892 -1.836372
3.789000 1.975000 1.224000
10.542685 17.007999 -1.333000
1.168000 1.561001 0.493000
11.084637 17.029364 -1.388909
1.150001 1.578999 0.356000
4.117750 15.356250 -1.187083
0.941000 3.367001 0.327000
3.195400 15.593099 -1.342000
0.802000 3.808001 0.380000
-7.930400 11.148600 -1.229000
3.231000 4.488999 0.523000
-1.632476 12.539462 -1.440498
1.275000 1.948999 0.714000
-7.229448 -11.522483 -1.486069
1.760000 2.611000 0.339000
3.037332 -11.299757 -1.310363
2.344000 2.481000 0.325000
-6.200219 -8.945024 -1.480854
0.563000 1.174999 0.305000
-3.630423 10.625422 -1.969778
0.971000 3.180000 0.377000
