-2.453560 -3.771800 -1.651480
1.854000 2.785000 1.180000
4.101521 -2.572012 -1.625398
3.863000 1.666000 0.966000
-0.589518 -4.734756 -1.643036
4.594000 2.366000 0.301000
-11.574306 -13.746203 -1.190912
3.025000 2.646000 0.456000
-12.571185 8.768370 -1.500801
3.718000 2.035000 1.492000
-4.598813 17.526505 -1.239098
1.420000 3.160001 0.992000
17.007389 -13.175389 -1.083500
4.358001 3.399000 0.420000
-16.449863 8.527361 -1.593688
2.575001 2.000000 1.413000
29.354801 7.354100 -1.392000
1.022001 0.140000 0.558000
-41.660061 13.726434 -2.028133
1.946003 1.880000 1.219000
-10.367701 15.521701 -0.681600
0.098000 0.226000 0.336000
-46.567211 27.505957 -2.043609
3.941002 3.294001 1.296000
26.312038 8.099001 -1.470732
1.772999 2.097000 1.215000
-64.875359 13.378637 -1.970636
0.505997 0.491000 1.558000
36.053318 7.493464 -1.225678
2.376999 1.642000 1.103000
42.051357 6.769786 -1.209786
4.025002 0.739000 0.755000
-4.549760 15.542437 -0.533320
0.108000 0.176000 0.863000
74.949944 -12.975811 0.545857
2.579994 2.145000 3.192000
-22.133192 12.316762 0.714238
0.587999 0.736000 0.788000
-22.628208 28.529621 0.730764
1.592999 1.771000 2.005000
-10.387205 15.567101 0.316308
0.493000 0.400001 1.129000
-4.635000 15.461998 0.597700
0.152000 0.097000 0.302000
4.184310 15.520208 0.291483
0.148000 0.158000 0.971000
11.143600 15.485522 0.102550
0.955000 1.255000 1.389000
13.624614 -9.777057 -0.099040
2.428000 1.451000 1.997000
19.174147 -9.519238 -0.233407
1.827000 1.141000 2.247000
39.240795 -11.969551 1.418448
2.024002 1.849999 0.505000
46.755157 -12.021482 0.434575
2.751999 1.483999 2.922000
72.283867 9.487268 0.904900
2.779999 1.891000 3.068000
28.667280 17.355345 0.783281
3.115999 2.315001 1.236000
-54.145702 -10.239901 -0.022600
0.259003 0.174999 2.604000
-40.425446 15.980222 -0.318187
0.406002 2.114000 2.833000
-44.947304 13.415400 0.353500
0.450001 0.523000 0.548000
40.042671 -12.220944 -0.262556
0.673000 0.361000 1.223000
19.074713 8.428324 -0.876245
4.384001 2.145999 1.908000
9.882671 16.198046 -0.233426
2.368999 2.403000 0.600000
-38.832382 24.836384 0.021692
4.941002 3.914999 0.323000
25.421301 15.190500 -0.434400
1.580000 1.188000 0.359000
-6.486347 19.572607 -1.489565
1.591000 2.720001 0.603000
-6.523358 8.711850 -1.490610
4.169000 2.027000 1.429000
10.906351 16.236649 -1.513765
2.195000 3.575999 0.521000
8.439001 16.193798 -1.456200
1.629000 2.643001 0.352000
-19.519600 7.989280 -1.972240
0.779001 0.473000 0.432000
10.232250 15.744999 -1.704917
2.716000 4.218000 0.378000
0.899188 15.068313 -1.595312
0.513000 1.780999 0.301000
-1.096208 19.004751 -2.032459
1.409000 4.662999 0.468000
-5.838549 9.985133 -2.012301
1.137000 1.985000 0.389000
