-1.723318 -3.988374 -1.780356
1.885000 3.064000 1.319000
2.547500 17.450834 -1.289833
0.421000 1.396000 0.339000
-5.417700 15.543650 -1.047100
0.983000 2.169001 0.419000
-31.835308 7.388924 -1.698923
1.702999 0.453000 0.607000
-1.912435 16.223751 -1.159641
1.674000 3.197001 1.234000
-21.287794 8.399262 -1.714018
1.677999 1.849000 1.272000
-27.730511 8.095796 -1.845964
4.683001 1.536000 1.468000
3.195127 16.583378 -1.095975
0.630000 2.984000 1.402000
36.221222 7.157073 -1.331630
2.827000 0.777000 0.661000
-8.532813 16.548235 -0.494000
2.124000 3.639000 0.370000
26.855654 8.235788 -1.136769
1.535000 1.455000 0.702000
46.013359 7.309501 -1.398786
1.605000 1.131000 0.608000
20.860888 8.360669 -1.179872
4.628000 1.861001 1.342000
-51.583302 30.714499 1.718000
4.503998 2.629999 0.410000
-55.159847 22.875154 1.932539
3.755001 2.251999 0.772000
-26.356922 14.809154 0.851846
0.267000 0.397000 0.721000
-20.568209 14.807416 0.808793
0.422998 0.513000 0.605000
-19.704208 21.623451 0.797026
3.421999 3.709000 0.765000
73.606445 8.896812 1.516375
0.530998 0.762000 2.626000
-4.000095 -9.507472 0.419943
0.651000 0.460999 0.380000
-23.781776 7.760000 -2.067056
1.229000 0.309000 0.602000
-5.541416 17.709669 -0.298167
1.642000 4.743000 0.478000
-1.238656 -9.340840 -0.321785
1.040000 1.146000 2.010000
3.911371 -9.016766 -0.000145
0.266000 0.563000 1.017000
4.316974 -9.081361 -0.589696
0.915000 0.777000 1.965000
24.921780 -10.936959 -0.155214
1.087000 1.070000 2.263000
31.751255 -10.469053 0.048832
1.173002 1.236000 2.446000
-11.720055 15.288526 0.169737
0.322000 0.210000 0.700000
56.060234 12.155829 0.335966
2.653999 1.466000 1.044000
4.101874 8.440780 -0.922133
4.254000 1.798000 1.977000
-56.540298 13.767996 -0.637224
0.387001 2.045000 2.441000
13.316465 16.501667 -0.097533
1.287001 1.586000 0.302000
13.067790 17.242844 -0.091895
2.113000 2.678000 0.326000
-5.816918 16.195147 -0.403006
1.931000 2.230000 0.757000
29.031902 8.754400 -0.454800
2.218000 0.942000 0.367000
32.252155 7.696710 -1.126184
4.366999 1.281000 1.396000
11.616131 8.646414 -1.186360
4.120000 2.501000 1.807000
4.276969 9.579614 -0.375614
1.276000 1.973001 0.532000
0.489737 19.872002 -0.329895
0.328000 3.977001 0.302000
29.347601 -11.108933 -0.798867
0.858000 0.547000 0.713000
-8.549725 15.365195 -1.610028
1.499000 2.331000 0.695000
5.827143 -11.467285 -1.091500
2.462000 4.487000 0.568000
5.211401 -11.264466 -1.119267
2.170000 4.583000 0.550000
-4.575857 15.008641 -1.509857
0.434000 1.148001 0.411000
-6.064539 15.842770 -1.630461
1.281000 2.846999 0.406000
-6.702084 15.625333 -1.657583
0.898000 1.998000 0.412000
4.683500 -10.791000 -1.298417
0.952000 2.407000 0.322000
-1.130667 -12.274083 -1.393667
0.314000 3.372000 0.363000
5.163000 10.677588 -1.875000
1.459000 2.134000 0.404000
2.382543 9.511913 -1.882029
0.366000 1.589000 0.425000
