-3.020744 -4.130281 -1.801317
2.877000 3.390000 1.407000
-28.584942 9.072189 -1.879680
2.440001 2.402000 1.648000
-1.896246 19.551386 -0.863912
1.466000 4.298000 0.528000
14.827650 17.525713 -1.021898
3.278999 2.381001 0.559000
-48.331703 13.863298 -1.365050
2.976002 2.733000 0.693000
-18.002998 16.325180 -0.576273
2.176001 1.777000 0.382000
48.371090 20.086819 -0.857545
0.550999 0.773001 0.636000
52.676899 12.161400 -0.737900
4.286999 0.561999 0.402000
15.621806 -10.799292 -0.414236
1.224001 0.413000 1.072000
-35.647923 -9.700137 -1.002508
0.953003 1.357000 2.015000
66.168602 2.466967 -0.158533
2.773003 2.154000 1.135000
33.375175 -10.835175 -0.277304
0.910000 0.479000 1.250000
4.411218 13.051155 -0.167166
1.381000 4.150001 1.642000
29.957972 17.859468 1.115250
1.852999 0.890999 0.846000
32.204700 18.156502 1.239600
2.892000 1.636000 0.705000
46.750389 22.726696 1.658731
4.066998 3.748001 0.629000
44.211182 20.092455 1.323091
0.348000 0.231998 1.155000
30.109581 12.929097 0.920194
0.570000 1.233999 1.383000
46.714527 13.342999 0.330957
1.389000 0.927000 2.334000
56.604713 13.224668 0.814000
0.730999 0.698000 2.429000
34.374184 -2.056750 0.832875
0.470001 0.443000 1.050000
76.303650 -13.956947 2.350550
4.913002 2.208000 1.481000
-31.778782 -11.273776 1.192055
0.306999 0.677000 0.378000
-38.380699 8.292351 -2.216250
0.910000 0.780000 1.129000
-39.000801 -9.369101 1.247200
0.889000 0.525000 0.430000
-34.448608 -9.655571 0.972573
2.965000 1.809000 0.890000
-32.110600 -19.590427 1.083514
2.081999 2.007000 0.922000
-32.151268 -20.767134 1.044667
0.367001 0.545000 0.718000
-52.259266 14.427896 1.687684
1.493000 0.891000 1.041000
-23.242693 15.661231 0.261077
0.139000 0.140000 0.821000
18.314581 -11.555420 -1.140474
2.909000 0.921000 0.330000
13.415286 17.675999 -1.093429
2.516001 2.691000 0.321000
3.926420 8.747660 -1.188903
4.576000 2.445000 1.349000
-33.643478 8.381401 -2.105040
3.175001 0.584001 1.229000
-14.356634 8.765021 -1.575895
3.792001 2.591001 1.451000
7.955301 11.831083 -0.892483
3.842000 4.870999 0.479000
-31.324299 8.056700 -2.416100
1.086000 1.052000 0.535000
1.522028 12.348444 -1.364433
4.132000 4.521000 1.044000
-12.814615 16.132463 -1.649385
2.929000 3.634000 0.531000
-20.705751 9.776668 -2.339917
4.188000 1.740999 0.493000
6.644130 -7.628218 -1.562143
2.545000 2.177001 0.399000
-3.873632 -11.013079 -1.546553
1.269000 2.395000 0.321000
