-12.695681 8.716907 -1.481952
3.560000 1.988999 1.438000
-19.113541 8.481239 -1.572482
3.157999 1.633000 1.372000
-11.919800 16.945314 -1.053429
3.011001 3.105000 0.704000
13.012625 18.132303 -1.222300
2.348000 2.754000 1.059000
29.576187 7.858785 -1.207289
3.257999 1.883000 0.932000
40.740002 6.655750 -1.421000
2.634998 0.529000 0.543000
-11.296420 15.417946 -0.819211
0.159000 0.181999 0.805000
35.653683 7.293000 -1.317045
1.207001 0.856000 0.866000
45.356998 6.109900 -1.211500
2.586002 0.520000 0.589000
20.195366 8.276392 -1.339717
4.734999 1.649000 1.485000
55.313717 5.782143 -1.261857
1.242001 1.110000 0.639000
12.805040 16.589937 -1.020882
1.967000 2.525000 1.530000
17.948915 15.646362 -0.391234
4.021999 2.230000 0.512000
13.194840 9.618440 -0.300840
1.422000 1.103000 0.382000
72.643784 -12.278434 0.934250
2.593002 2.220000 3.084000
12.700418 -9.252895 -0.511932
1.187000 0.827000 1.828000
-45.594273 18.198456 1.529818
1.174000 0.615000 0.547000
-17.182571 15.325454 0.389000
0.508001 0.395000 1.390000
-39.610271 42.630787 1.800091
1.558002 3.347000 1.107000
-11.341002 15.327999 0.685471
0.219999 0.217999 0.455000
-10.712277 21.512165 0.815333
1.573000 2.914999 0.422000
-2.535276 15.503930 0.266552
0.151000 0.179000 1.040000
-0.462611 25.486776 0.570722
0.153000 1.573000 0.920000
-0.284056 26.977888 0.689667
0.169000 1.639999 0.983000
-0.092882 28.621473 0.642471
0.188000 1.966000 1.049000
7.174561 -9.567190 -0.263047
1.717000 1.469000 1.977000
-16.482801 23.138866 -0.552667
2.608999 3.604000 0.778000
3.248442 15.833752 -1.228731
0.758000 2.814000 1.059000
33.309200 -11.679325 0.344663
1.818996 1.512000 2.560000
40.339989 -11.399327 0.403955
3.071999 1.339000 2.785000
21.954466 18.099833 0.741634
3.159000 2.984001 0.937000
-28.920530 11.882647 0.655882
0.414000 0.636000 0.618000
65.302711 10.636968 0.286871
3.385002 1.896000 1.212000
12.574924 8.426737 -0.842807
4.423000 2.005000 2.014000
3.005295 16.091114 -0.283711
1.689000 2.712000 0.731000
15.380749 15.036334 -0.018917
1.078000 1.401999 0.423000
-9.817136 22.502182 -0.316909
1.873000 4.677999 0.646000
37.976074 -12.117308 -0.579000
0.536999 0.433000 0.960000
11.196066 19.241667 -0.248000
1.889000 3.751999 0.338000
-0.790552 21.966309 -0.429103
0.235000 2.786001 0.709000
-11.152251 16.669207 -1.541458
2.487000 2.928999 0.555000
0.310000 15.562133 -1.281867
0.443000 2.518999 0.442000
2.003880 15.864801 -1.580600
0.512000 2.447001 0.632000
1.376166 16.201998 -1.584500
0.277000 2.169999 0.425000
-5.216900 14.985400 -1.539300
0.738000 2.164001 0.348000
0.187300 15.531801 -1.605800
0.190000 1.838000 0.362000
-20.632267 9.660533 -2.177733
2.620998 1.724000 0.310000
3.798500 16.349501 -1.717000
1.211000 3.754999 0.339000
2.900833 15.899250 -1.707583
0.871000 4.226999 0.417000
1.140000 16.432917 -1.779667
0.582000 4.053000 0.394000
