2.436727 8.550593 -1.263146
4.210000 2.339000 1.362000
12.831285 -13.065191 -1.101381
2.862000 3.079000 0.360000
-5.985284 8.430491 -1.418963
3.879000 2.505001 1.607000
-40.802753 7.107850 -2.223650
1.065998 1.546000 0.832000
16.523001 -14.214029 -1.036429
4.250999 4.995000 0.395000
-47.141701 6.225300 -2.138200
0.556999 0.703000 0.592000
-14.678111 16.264946 -0.780528
2.543000 2.257000 0.541000
-13.462073 16.123390 -0.682585
3.076000 2.968000 0.428000
-8.158999 17.850855 -0.428476
1.603000 3.403999 0.358000
9.099182 9.568818 -0.413970
0.848000 0.848000 0.528000
27.827713 8.231886 -1.272165
4.216000 2.833000 1.120000
-15.770499 -9.491786 0.370500
0.946000 0.686999 0.314000
-40.483925 12.817921 1.535640
3.171997 1.818000 0.306000
4.651269 28.720350 0.705038
0.154000 2.837999 1.076000
4.531889 26.419388 0.666945
0.151000 1.740000 0.965000
4.451875 24.864311 0.591187
0.110000 1.407000 0.898000
4.388533 23.606068 0.669133
0.148000 1.600000 0.746000
-14.735051 -9.463183 -0.354800
1.222000 1.604000 2.499000
-17.424641 -9.861054 0.710944
3.500000 1.705000 0.529000
-18.303003 -9.633322 0.721000
1.056000 0.880000 0.405000
-69.738228 -21.375538 2.338846
2.361000 1.607000 0.873000
6.089242 -10.218227 -0.392987
1.044000 1.269000 1.940000
6.227150 -10.748301 0.385800
0.168000 0.142000 0.444000
10.583824 -10.375320 -0.325063
1.105000 1.159000 1.988000
12.823151 -9.507773 -0.136677
1.511001 1.307000 2.002000
66.171738 -9.252156 1.043022
1.764999 2.120000 2.817000
74.162231 10.292924 1.663154
0.525002 0.457000 2.297000
64.067619 10.666668 0.894167
0.341000 0.583000 2.711000
53.963692 11.400692 1.306462
0.226002 0.585000 1.696000
-13.330643 15.238286 0.224357
0.205000 0.134000 0.594000
27.872051 13.912840 -0.068263
1.722000 1.157000 0.401000
51.650166 7.498722 -0.761000
1.655003 1.543000 0.943000
57.963589 10.058331 -0.787417
4.727001 0.778000 0.448000
8.567226 8.481003 -1.100637
3.959000 1.749000 1.700000
-1.351133 16.312599 -1.447667
0.656000 4.280001 0.535000
-3.301842 16.237421 -1.811368
1.052000 3.861001 0.474000
-16.043333 9.101666 -2.119500
2.751000 1.351001 0.389000
4.737094 9.743467 -1.834469
1.291000 1.797000 0.364000
-7.281300 9.726801 -2.120700
1.551000 1.686001 0.413000
